#OTUID	KO1	KO2	KO3	KO4	KO5	KO6	OE1	OE2	OE3	OE4	OE5	OE6	WT1	WT2	WT3	WT4	WT5	WT6
ASV_1647	368	666	278	443	384	388	483	594	497	363	496	363	803	846	564	675	542	520
ASV_2	670	412	862	793	1032	631	245	169	414	440	348	239	440	536	267	386	497	424
ASV_3	212	173	368	296	445	307	210	150	372	366	316	242	327	635	357	416	413	273
ASV_4	507	141	182	257	480	179	204	197	134	211	214	129	362	473	196	192	394	291
ASV_5	17	44	74	12	56	62	471	299	262	138	382	513	514	441	367	251	552	136
ASV_8	188	193	214	148	76	101	131	181	540	298	210	187	224	271	198	354	168	183
ASV_6	299	231	303	307	497	369	94	96	113	143	144	139	178	188	153	182	160	164
ASV_7	81	43	415	143	436	78	47	437	288	178	65	76	258	310	187	81	199	275
ASV_18	161	345	110	147	103	187	152	134	120	190	250	141	260	222	257	135	234	150
ASV_9	117	274	130	162	93	185	120	147	227	153	208	145	189	113	144	155	262	203
ASV_10	108	129	231	264	372	240	70	66	82	106	139	103	138	201	83	94	189	93
ASV_11	103	141	99	128	187	130	172	134	81	153	122	60	138	173	175	140	102	139
ASV_14	69	60	120	122	201	109	65	177	168	109	182	67	140	104	152	100	186	191
ASV_12	107	130	123	135	162	125	84	67	118	121	120	86	131	196	148	179	108	114
ASV_15	102	150	148	131	135	144	139	102	99	89	139	133	93	86	114	138	116	122
ASV_13	10	44	223	108	59	82	71	266	199	180	128	50	98	105	75	55	178	199
ASV_16	81	82	171	101	53	73	64	93	218	113	79	56	158	114	79	114	287	128
ASV_17	162	102	129	161	158	211	56	42	78	76	87	58	121	98	102	110	102	93
ASV_28	107	113	27	173	46	75	61	107	44	89	95	70	139	149	78	115	164	85
ASV_20	60	145	27	102	67	61	27	57	14	71	42	38	83	100	31	39	575	45
ASV_30	81	78	53	49	29	67	105	67	72	61	92	100	76	77	110	102	75	122
ASV_23	45	46	397	24	8	19	107	61	31	66	67	50	54	11	99	86	75	132
ASV_21	46	119	73	44	38	48	75	71	61	54	77	71	75	110	64	94	141	73
ASV_1276	63	81	111	93	85	82	88	65	49	65	68	82	55	68	79	52	57	67
ASV_29	67	59	57	108	22	94	63	85	84	78	91	57	86	73	70	64	89	43
ASV_22	60	55	181	168	148	80	38	26	47	31	43	53	40	93	39	76	43	44
ASV_113	26	33	7	443	189	10	39	59	26	64	30	32	110	15	40	43	26	66
ASV_26	62	67	50	135	15	8	65	97	100	40	67	46	155	27	52	34	4	224
ASV_24	42	153	165	37	65	103	27	29	22	46	66	15	60	76	43	177	51	46
ASV_31	41	35	125	74	124	74	48	57	27	53	65	29	58	83	33	66	112	70
ASV_27	60	83	66	41	53	76	104	46	51	43	62	78	67	60	73	69	44	82
ASV_34	76	51	57	48	30	59	80	55	46	66	58	83	65	71	82	46	46	71
ASV_33	64	35	44	67	78	95	55	37	72	105	51	36	59	75	63	48	46	53
ASV_35	30	78	36	76	10	21	60	35	47	70	62	34	104	122	80	85	78	44
ASV_36	55	30	30	89	69	113	24	14	98	61	39	31	87	120	41	57	52	33
ASV_41	69	59	71	84	152	81	29	47	41	41	46	34	30	63	35	58	42	56
ASV_37	46	32	42	23	50	37	72	46	42	42	73	71	44	73	99	64	76	85
ASV_173	39	44	67	49	83	63	34	34	50	50	61	46	55	67	69	73	56	73
ASV_38	85	56	60	105	114	142	16	15	42	21	46	32	46	51	33	52	52	42
ASV_40	41	43	17	23	15	50	181	74	103	105	43	192	21	9	23	13	8	25
ASV_39	36	84	96	38	69	42	30	46	32	39	54	33	40	78	58	73	17	61
ASV_70	29	34	113	56	135	63	29	47	14	49	66	31	35	23	27	41	86	41
ASV_42	40	20	22	81	47	65	12	12	68	51	31	42	74	205	19	44	52	31
ASV_47	50	49	63	60	68	74	40	36	42	35	48	35	39	45	48	57	46	57
ASV_68	55	46	79	61	94	66	30	29	22	30	51	41	49	52	31	36	32	55
ASV_45	60	37	84	81	142	55	19	11	38	32	34	17	46	72	22	20	55	30
ASV_44	34	79	72	47	71	27	30	32	33	21	45	41	62	43	47	100	29	35
ASV_52	29	43	74	26	24	34	39	44	65	29	58	34	39	83	47	40	44	70
ASV_54	41	23	46	126	81	98	14	6	42	18	21	21	56	76	28	45	37	43
ASV_46	45	19	59	43	66	36	60	54	43	40	65	74	18	21	37	46	59	34
ASV_43	1	11	1	15	49	2	17	93	4	45	54	34	300	16	7	15	90	43
ASV_48	38	37	26	47	17	38	57	36	64	49	54	36	39	53	41	52	47	59
ASV_51	37	74	71	18	17	35	43	35	27	19	30	42	57	23	49	89	53	57
ASV_50	38	70	55	48	23	36	41	49	41	35	49	25	34	26	48	55	32	61
ASV_53	15	16	34	14	129	20	77	51	24	37	31	12	66	29	48	42	26	87
ASV_49	57	37	223	3	15	27	10	11	135	116	11	5	14	18	25	8	19	9
ASV_55	47	103	39	31	62	52	50	49	18	42	32	40	35	9	27	11	43	32
ASV_58	45	35	47	64	65	41	35	30	12	42	38	22	33	32	32	22	30	34
ASV_62	32	41	37	46	44	38	30	48	37	23	53	18	34	40	34	27	40	29
ASV_67	27	27	67	55	79	56	21	23	22	22	26	30	21	43	14	32	38	39
ASV_56	6	18	33	31	32	21	40	13	30	36	37	25	35	80	64	43	48	35
ASV_63	12	11	9	14	27	14	54	38	27	161	40	128	12	6	3	13	36	18
ASV_61	27	39	13	21	14	12	66	46	39	38	42	50	45	27	38	34	20	27
ASV_59	27	36	46	53	75	50	19	18	28	25	19	16	29	29	21	32	35	36
ASV_60	23	28	23	24	66	24	48	30	19	40	20	12	36	51	37	40	20	46
ASV_76	43	28	27	21	18	20	35	26	31	32	36	37	24	33	59	48	24	38
ASV_66	29	35	48	48	43	45	22	15	21	21	28	16	30	44	25	27	56	19
ASV_73	37	21	15	27	11	33	17	24	22	23	30	26	12	41	35	104	32	28
ASV_456	22	31	34	24	11	21	17	23	36	23	24	15	49	31	33	25	60	56
ASV_69	29	35	37	32	34	30	34	31	15	24	47	17	23	24	31	23	36	28
ASV_82	29	48	35	31	56	50	20	5	28	26	28	27	19	24	16	31	29	19
ASV_72	40	25	44	83	40	72	12	7	16	14	16	17	18	23	15	28	25	20
ASV_93	12	5	12	11	63	11	21	126	5	26	67	14	2	9	39	8	50	32
ASV_71	29	15	17	31	30	126	20	7	27	20	24	32	19	19	31	19	17	29
ASV_74	27	33	39	21	34	25	39	21	28	19	36	23	15	28	50	11	19	29
ASV_77	22	14	38	23	28	21	13	11	21	16	20	36	16	64	15	94	16	19
ASV_75	14	27	49	32	56	35	9	21	26	9	55	13	27	22	24	24	19	23
ASV_83	19	44	19	0	3	122	32	5	12	54	10	13	73	0	13	24	10	17
ASV_84	22	8	28	32	30	23	11	13	46	27	19	21	25	38	29	28	31	37
ASV_81	29	15	19	27	45	11	12	34	14	27	80	29	18	7	42	20	18	18
ASV_78	24	22	12	14	45	22	26	16	20	15	18	25	24	13	32	61	37	28
ASV_79	35	16	13	34	43	61	4	7	32	13	9	18	30	56	17	21	22	22
ASV_88	33	49	7	6	2	145	14	16	13	34	14	27	22	4	37	18	1	3
ASV_80	31	24	25	30	18	23	14	17	4	14	44	22	3	0	46	39	41	48
ASV_86	24	33	4	13	4	17	22	49	11	7	14	21	36	38	42	21	56	22
ASV_89	21	26	13	18	9	25	38	21	14	29	29	20	11	35	26	29	26	35
ASV_97	12	24	18	26	45	25	27	16	15	16	16	18	23	19	31	30	22	30
ASV_90	15	35	19	36	24	68	14	6	30	11	17	15	14	12	24	18	42	10
ASV_92	58	23	29	37	1	15	33	31	54	45	28	8	4	6	0	29	6	2
ASV_91	8	36	1	53	4	27	28	13	17	22	23	11	21	53	18	37	15	14
ASV_94	2	5	24	23	24	14	11	28	8	9	28	13	17	17	8	19	66	82
ASV_100	22	34	4	6	10	22	43	20	27	23	23	38	19	12	28	16	22	27
ASV_106	3	9	23	44	51	10	21	14	9	20	17	7	30	52	19	27	20	14
ASV_109	23	18	34	24	36	29	9	8	18	20	20	31	22	22	20	22	24	10
ASV_855	17	10	16	9	14	23	17	44	62	37	24	15	17	23	16	25	5	14
ASV_410	6	19	48	23	31	17	15	30	11	23	32	7	14	13	18	13	37	30
ASV_95	23	21	46	32	43	26	17	11	18	15	23	14	9	14	9	19	24	21
ASV_98	19	5	10	20	107	11	6	23	7	44	30	18	14	1	12	20	14	23
ASV_118	22	18	28	24	42	14	16	15	13	15	22	14	18	22	22	24	25	21
ASV_110	10	36	16	24	22	10	26	16	18	27	18	27	19	18	25	15	19	25
ASV_102	27	11	33	14	67	20	17	5	18	11	12	11	13	43	7	11	25	25
ASV_96	18	8	7	7	123	8	23	34	11	9	8	6	19	10	28	15	18	16
ASV_112	20	15	10	7	6	5	5	11	91	58	13	15	34	9	20	28	7	11
ASV_288	8	26	32	11	12	52	6	28	8	27	24	34	7	5	17	39	9	15
ASV_108	22	21	19	29	31	33	15	12	18	8	27	15	18	20	10	12	31	15
ASV_111	10	7	7	6	3	5	33	19	40	32	22	14	30	40	28	32	19	9
ASV_99	17	20	25	31	24	31	23	14	13	10	19	23	12	13	23	19	15	20
ASV_101	18	11	22	20	35	13	12	16	20	32	31	29	11	22	16	15	16	12
ASV_105	13	9	12	30	11	21	10	8	38	28	14	8	46	39	13	19	17	14
ASV_186	19	33	11	22	8	16	19	25	20	18	18	14	11	21	18	38	10	29
ASV_736	16	15	26	34	22	27	8	13	19	13	13	18	18	16	10	31	32	15
ASV_103	8	3	17	21	109	26	1	39	1	10	12	9	1	4	14	12	17	36
ASV_119	13	17	24	14	17	11	16	32	18	13	11	25	21	11	27	11	24	32
ASV_115	11	22	16	6	16	8	25	15	19	28	14	21	13	31	22	22	17	29
ASV_129	16	26	9	16	8	17	24	24	27	15	14	21	21	17	25	17	15	21
ASV_107	17	18	3	31	27	53	11	7	19	9	12	15	31	18	15	10	16	13
ASV_125	14	10	27	12	7	9	29	17	16	13	23	21	17	32	15	20	20	22
ASV_114	10	35	4	38	3	26	1	2	1	1	8	166	0	9	6	0	2	7
ASV_577	18	22	17	23	7	21	23	22	12	12	18	26	10	14	29	11	15	16
ASV_116	14	31	30	32	24	22	8	9	15	14	8	14	12	10	17	22	15	14
ASV_126	5	42	27	29	3	8	20	27	13	14	31	4	11	30	12	7	3	22
ASV_124	19	20	28	23	22	22	14	13	13	7	15	4	19	14	20	14	16	18
ASV_131	0	8	0	1	0	6	34	55	17	1	52	34	2	6	1	41	18	22
ASV_121	20	12	11	10	14	33	11	9	14	27	20	25	10	16	14	9	33	8
ASV_179	5	8	22	124	19	8	13	8	7	4	10	8	5	8	7	13	12	10
ASV_843	20	20	26	18	9	24	11	10	21	11	15	6	21	12	10	14	22	20
ASV_282	10	28	15	17	7	10	20	25	15	13	17	23	22	6	19	12	11	17
ASV_128	23	17	12	28	14	23	8	12	19	12	9	19	15	14	17	12	16	10
ASV_134	14	24	9	24	16	15	12	11	8	19	17	10	13	19	12	27	18	11
ASV_120	15	15	16	9	4	15	25	20	14	11	19	33	12	15	15	8	17	14
ASV_127	14	7	47	12	7	11	20	5	7	14	16	14	18	18	18	9	10	28
ASV_130	14	17	14	13	7	9	26	11	14	12	14	15	14	18	28	13	16	20
ASV_153	12	36	13	21	13	9	13	11	9	14	12	20	26	15	16	25	3	6
ASV_132	17	24	12	24	19	13	14	4	12	11	23	11	15	13	19	12	16	13
ASV_123	7	29	9	18	3	46	8	4	11	15	10	8	5	10	35	8	9	35
ASV_139	15	17	32	6	7	7	14	13	17	4	13	19	13	14	18	22	13	16
ASV_142	20	23	18	5	9	13	15	8	17	10	19	22	12	7	19	14	7	22
ASV_140	14	13	12	20	33	19	13	13	7	12	11	6	6	17	20	15	21	7
ASV_925	5	8	28	51	14	26	22	13	4	17	4	8	5	3	19	23	2	6
ASV_152	15	10	14	11	14	16	7	10	12	9	12	15	14	18	26	20	19	13
ASV_161	15	22	25	8	23	17	25	7	12	12	20	14	5	9	9	14	5	13
ASV_143	16	5	6	11	23	9	18	12	14	18	13	13	9	10	22	30	14	10
ASV_141	10	4	46	9	25	11	6	18	7	12	19	7	2	6	6	18	32	13
ASV_137	0	0	0	0	5	0	5	71	1	0	133	0	0	0	0	25	0	4
ASV_148	3	13	9	25	32	4	6	10	4	12	8	7	16	9	15	13	32	26
ASV_347	16	12	20	11	20	36	11	19	6	10	17	14	7	11	9	5	8	10
ASV_168	1	1	0	210	0	1	3	9	2	4	0	7	0	1	0	1	1	0
ASV_172	14	17	28	13	3	18	22	9	15	15	10	18	12	9	15	7	7	9
ASV_283	14	12	31	10	36	16	9	27	8	3	8	5	6	9	18	9	13	7
ASV_144	19	10	2	4	5	6	10	12	21	16	17	13	14	5	35	18	20	13
ASV_415	10	16	10	12	5	7	17	19	12	10	17	8	24	10	16	10	9	25
ASV_147	28	22	22	22	25	23	1	6	6	13	4	3	10	19	6	7	5	14
ASV_160	5	16	10	14	7	11	11	15	14	12	21	21	14	9	12	15	14	15
ASV_136	14	7	11	13	22	11	10	6	12	17	11	7	21	21	9	9	18	15
ASV_146	11	2	12	10	4	9	7	5	16	10	12	10	11	26	22	30	19	17
ASV_154	3	6	1	1	2	0	7	18	8	10	7	2	2	2	16	121	26	1
ASV_156	10	10	6	7	4	9	34	14	19	30	17	49	4	3	8	2	3	4
ASV_162	14	20	10	4	2	9	28	9	19	8	15	26	19	4	15	6	9	16
ASV_155	17	10	5	15	15	15	15	15	10	22	10	8	17	10	12	11	16	8
ASV_150	16	15	8	12	5	15	17	9	14	17	13	9	3	13	18	7	11	28
ASV_151	13	2	3	6	3	0	32	19	15	17	16	10	9	17	20	23	8	16
ASV_157	15	22	20	5	8	28	16	8	3	7	14	7	8	14	7	13	24	10
ASV_164	3	11	72	21	8	17	17	8	11	7	6	1	4	10	11	4	8	10
ASV_149	8	22	8	7	13	18	8	5	11	20	4	5	15	6	33	16	18	11
ASV_165	12	10	17	8	5	12	19	12	15	14	11	16	6	16	17	15	3	18
ASV_166	30	26	2	10	7	8	17	10	17	17	9	8	14	9	16	9	4	13
ASV_969	14	20	67	9	13	13	7	13	6	9	5	9	4	10	7	9	2	9
ASV_188	23	12	18	21	16	17	7	4	18	7	4	5	23	11	9	5	16	8
ASV_159	14	18	8	28	2	8	15	20	11	6	6	8	11	7	15	12	8	23
ASV_170	10	17	14	24	23	16	10	5	15	8	11	10	10	9	8	13	11	5
ASV_183	14	4	16	13	16	32	9	3	11	9	14	13	3	18	7	12	15	9
ASV_1564	8	25	7	14	4	12	18	12	10	12	9	13	17	12	12	11	9	12
ASV_192	11	1	24	6	35	14	8	13	3	4	7	2	27	6	8	11	22	13
ASV_474	8	18	26	5	0	6	3	11	50	10	8	7	6	9	10	14	19	4
ASV_965	9	16	9	7	5	12	14	14	14	17	5	15	12	5	25	10	5	19
ASV_158	11	4	2	6	17	10	25	16	4	10	7	9	28	18	13	5	5	22
ASV_174	11	13	8	2	4	10	16	14	10	13	11	18	14	13	17	17	9	11
ASV_213	14	20	10	24	18	16	12	12	4	8	8	12	9	6	9	11	9	9
ASV_169	2	52	0	6	12	4	16	14	8	4	2	13	24	5	28	6	7	7
ASV_251	15	14	8	10	10	14	10	13	10	6	14	7	8	21	12	24	6	7
ASV_535	10	41	5	3	3	9	6	9	5	8	14	18	34	6	9	6	12	10
ASV_236	11	15	8	7	8	16	13	11	16	9	15	12	15	11	15	9	4	12
ASV_1153	12	13	14	8	15	13	14	10	9	9	10	9	11	9	11	13	13	13
ASV_185	6	12	7	8	3	5	16	11	11	13	6	9	26	11	12	7	27	16
ASV_167	6	14	10	4	5	11	9	14	20	10	11	8	10	10	22	20	11	10
ASV_180	38	6	14	10	40	37	2	1	6	5	7	0	9	7	5	5	5	7
ASV_171	6	46	15	2	1	8	6	1	31	2	1	30	19	11	0	8	0	16
ASV_176	7	9	26	22	21	12	7	3	17	11	9	5	8	8	10	12	9	7
ASV_163	0	11	0	0	0	1	2	1	7	121	5	3	10	5	7	22	1	3
ASV_266	18	13	7	3	13	12	16	12	13	9	14	27	5	3	7	6	8	10
ASV_187	8	14	8	7	10	6	4	23	14	8	14	11	13	17	8	14	8	5
ASV_202	10	13	25	1	10	5	6	12	6	13	12	7	20	4	23	13	4	8
ASV_181	7	20	4	6	21	19	10	9	2	19	7	5	10	9	10	9	11	13
ASV_472	2	19	8	16	3	8	18	14	13	13	13	11	8	9	7	8	16	5
ASV_218	6	3	10	33	12	6	1	3	36	14	1	2	11	15	5	2	19	5
ASV_175	12	11	5	13	5	16	8	12	11	8	27	10	13	10	1	8	8	5
ASV_190	18	8	16	24	11	28	2	2	4	6	8	14	8	6	6	7	11	4
ASV_216	2	6	10	14	23	8	6	6	4	11	10	1	9	38	5	6	17	5
ASV_195	9	7	8	10	1	7	23	1	15	6	11	17	7	9	12	14	7	16
ASV_197	11	12	32	32	4	14	13	8	3	6	7	3	2	4	9	12	2	6
ASV_200	11	9	4	7	14	8	21	10	5	6	10	15	3	3	15	9	10	14
ASV_193	5	0	7	14	2	3	17	5	11	6	3	22	28	28	6	6	6	4
ASV_201	11	4	10	13	24	13	7	10	12	11	3	6	6	6	7	12	12	6
ASV_1754	13	6	2	5	11	13	15	6	5	14	16	6	12	14	14	6	9	5
ASV_204	0	4	0	6	12	5	5	37	4	26	13	29	0	2	8	5	7	9
ASV_184	24	3	6	1	11	5	7	38	2	31	12	9	1	8	4	0	5	4
ASV_189	27	10	13	7	34	10	5	2	4	7	3	3	11	7	6	4	4	14
ASV_206	8	11	15	14	6	8	9	11	6	12	6	10	9	3	15	10	9	9
ASV_208	13	10	13	16	10	11	9	14	5	9	8	3	10	8	2	9	9	11
ASV_215	9	6	2	3	9	7	5	2	9	7	1	0	49	5	4	10	29	13
ASV_210	12	18	7	11	3	8	14	10	9	12	9	14	10	3	7	11	3	8
ASV_225	6	14	19	3	2	3	12	12	6	10	8	6	5	15	17	12	2	17
ASV_1602	5	10	16	19	9	4	8	9	14	6	5	6	8	6	13	9	9	12
ASV_191	6	5	0	3	0	5	10	8	11	15	22	6	12	25	11	19	4	6
ASV_211	6	12	0	61	6	13	2	7	4	4	5	6	5	4	24	3	0	6
ASV_220	5	16	8	7	7	11	13	11	5	6	10	6	4	6	11	14	5	22
ASV_207	7	18	6	25	2	18	10	9	10	5	11	6	5	9	9	7	5	4
ASV_209	5	24	12	9	11	11	11	6	6	3	9	8	6	4	8	10	10	13
ASV_212	12	23	4	12	3	3	10	20	8	7	15	7	16	3	9	8	2	4
ASV_224	17	13	8	5	8	7	7	5	9	8	8	6	9	12	9	17	9	8
ASV_718	7	12	2	9	10	9	16	9	8	12	9	22	5	7	3	7	8	9
ASV_249	5	3	1	6	5	1	6	30	20	40	4	3	9	6	7	5	2	9
ASV_1770	11	10	8	5	1	7	11	14	8	4	10	15	9	4	16	8	12	7
ASV_253	5	12	25	2	2	6	14	9	11	3	9	13	5	3	12	5	12	12
ASV_247	14	37	5	4	1	9	8	21	7	6	4	7	9	9	7	4	3	4
ASV_214	6	6	3	0	2	13	10	10	6	4	5	9	16	0	3	13	32	20
ASV_303	3	1	2	3	23	2	7	3	17	4	36	3	24	2	21	4	1	2
ASV_359	14	13	7	10	10	12	10	7	9	6	10	12	8	6	8	5	7	4
ASV_261	7	4	6	6	3	8	14	10	12	14	14	13	7	5	12	6	4	12
ASV_1127	9	10	7	10	3	8	12	5	10	7	12	19	8	10	4	5	7	10
ASV_198	8	17	2	7	12	4	6	5	7	9	6	8	11	5	15	9	10	13
ASV_217	4	4	5	4	2	1	8	5	13	13	7	12	8	19	14	14	15	5
ASV_232	5	0	1	1	0	4	18	10	14	11	11	9	11	18	9	11	11	9
ASV_250	6	9	6	12	5	3	12	6	17	8	6	15	8	7	11	4	4	14
ASV_285	15	8	6	20	13	13	7	8	9	7	8	8	5	4	3	4	9	6
ASV_199	8	6	11	6	15	9	4	4	7	4	11	3	12	19	6	9	10	8
ASV_219	12	6	17	12	13	5	5	4	15	6	5	8	10	9	5	10	8	2
ASV_229	9	11	8	4	13	12	5	4	8	7	9	10	10	12	10	10	8	2
ASV_272	8	9	6	8	6	3	9	4	6	4	13	8	9	8	17	5	16	13
ASV_331	9	7	12	11	13	20	6	4	3	9	8	6	9	6	4	9	8	6
ASV_221	38	0	1	3	40	0	5	1	4	0	1	5	5	1	32	8	1	4
ASV_223	7	9	8	6	2	6	15	7	2	8	15	8	4	11	10	9	11	11
ASV_246	15	7	3	2	3	21	23	5	6	7	13	14	2	6	5	5	9	3
ASV_252	12	6	1	1	3	7	16	12	11	23	11	32	1	1	5	3	0	4
ASV_344	12	13	1	10	6	6	15	15	8	8	6	13	8	4	9	7	4	4
ASV_1311	6	13	10	11	10	20	10	6	7	3	10	5	5	7	8	6	6	4
ASV_241	14	10	13	5	3	6	13	3	2	13	13	8	3	8	14	7	4	8
ASV_280	2	13	10	9	3	4	16	5	10	6	9	10	12	3	11	12	7	5
ASV_268	7	6	9	9	9	8	7	11	4	5	11	9	10	9	6	5	8	13
ASV_237	15	10	14	13	10	23	5	1	7	3	3	2	6	9	5	6	6	7
ASV_271	9	5	4	2	2	7	4	20	9	10	14	15	8	3	5	16	3	9
ASV_240	7	6	7	8	14	12	6	3	20	6	2	6	15	8	4	4	11	5
ASV_242	8	6	3	5	9	5	8	2	4	5	9	10	11	7	16	6	19	11
ASV_270	11	8	9	3	2	8	6	12	14	3	8	18	15	3	4	12	2	6
ASV_245	3	8	2	5	5	4	5	3	4	1	26	6	36	8	8	4	8	7
ASV_260	13	4	41	2	2	3	8	12	12	5	4	11	6	2	4	1	1	12
ASV_369	6	5	12	10	9	7	10	6	2	9	12	5	6	7	5	8	17	7
ASV_255	2	5	13	23	8	7	11	5	1	4	4	9	4	15	10	7	6	8
ASV_322	4	11	10	11	5	4	8	13	5	9	5	11	13	5	7	7	12	2
ASV_469	12	1	4	8	4	5	4	5	14	15	6	8	3	15	18	13	2	5
ASV_227	3	15	0	0	21	25	2	22	3	4	3	2	2	15	14	6	1	3
ASV_265	5	7	13	13	11	7	12	4	5	4	9	6	5	7	7	6	8	12
ASV_273	6	10	8	11	36	6	3	1	7	1	10	4	18	6	7	4	2	1
ASV_234	3	7	9	5	18	10	4	5	2	11	9	4	10	20	4	6	12	1
ASV_243	10	1	17	2	1	6	5	4	8	10	17	7	6	10	11	6	7	12
ASV_256	8	22	7	4	2	4	6	9	5	14	6	6	13	6	5	11	7	5
ASV_263	11	5	7	5	6	1	11	4	7	8	7	15	10	9	12	8	4	10
ASV_257	8	9	7	10	5	15	3	3	7	4	9	12	11	10	13	4	2	6
ASV_277	8	13	6	10	4	9	8	10	6	7	8	6	5	7	4	11	8	8
ASV_239	8	6	11	6	31	7	8	10	4	5	3	3	5	9	4	5	6	6
ASV_317	7	7	12	1	9	11	11	6	6	7	6	8	4	4	17	9	2	9
ASV_262	4	12	7	3	2	1	2	2	44	5	9	4	2	4	2	4	17	11
ASV_258	9	4	10	13	13	12	0	7	5	5	9	4	2	17	5	3	10	5
ASV_278	3	5	9	8	3	6	9	4	9	6	8	7	5	7	8	12	11	13
ASV_313	13	7	1	8	0	5	14	13	4	7	10	11	8	7	8	6	3	8
ASV_315	11	7	13	22	16	4	9	10	0	3	4	7	5	2	8	4	6	2
ASV_233	25	6	1	0	12	2	13	6	9	12	4	15	4	0	13	2	2	5
ASV_286	8	10	5	4	1	6	10	11	13	5	8	5	8	5	11	7	6	8
ASV_319	3	2	3	4	3	12	0	5	10	14	4	16	13	2	6	15	11	8
ASV_360	6	4	5	12	11	10	2	2	12	7	10	3	5	10	7	8	11	6
ASV_254	10	8	5	9	11	11	6	4	4	7	6	8	7	7	3	8	10	6
ASV_259	6	8	8	5	6	3	6	9	6	4	5	8	22	9	9	9	1	5
ASV_274	14	5	11	10	16	5	2	4	1	5	10	7	5	7	5	9	4	9
ASV_893	12	10	4	11	12	4	9	7	7	7	4	7	11	5	7	4	5	3
ASV_244	9	4	4	2	3	3	7	9	5	9	12	8	11	11	9	4	12	6
ASV_279	7	15	24	8	13	13	1	4	2	6	6	1	3	1	7	5	5	7
ASV_723	14	5	9	9	3	13	8	10	5	6	6	6	5	0	11	12	2	4
ASV_293	3	10	26	0	0	12	0	2	2	10	2	5	3	21	7	17	5	1
ASV_310	10	9	9	8	20	5	2	7	3	6	9	4	9	6	4	2	6	7
ASV_327	5	7	4	7	1	1	22	9	7	7	7	6	5	16	5	9	3	4
ASV_357	8	4	10	8	12	31	4	3	1	4	7	7	9	8	5	2	0	2
ASV_228	6	2	11	5	6	2	12	5	9	12	9	4	4	3	9	6	1	18
ASV_298	9	7	4	6	6	4	5	11	3	5	15	7	6	13	9	4	7	3
ASV_300	3	6	3	7	18	8	3	10	12	8	2	12	7	2	10	4	2	7
ASV_287	15	5	3	1	6	3	6	3	9	7	6	14	8	4	4	14	6	9
ASV_302	7	10	0	1	0	6	5	10	21	12	3	11	5	0	3	0	3	26
ASV_345	15	0	0	12	6	3	18	6	9	11	12	10	5	2	1	6	3	4
ASV_572	4	15	1	4	10	4	6	7	3	6	10	7	6	11	9	7	7	6
ASV_264	3	5	6	4	11	1	3	2	9	6	3	6	9	23	5	6	8	12
ASV_301	4	4	12	9	7	9	9	4	6	1	13	9	3	12	7	11	1	1
ASV_491	9	10	2	1	11	6	15	10	12	5	7	1	3	3	3	17	7	0
ASV_284	6	4	6	8	17	8	4	4	6	5	6	3	8	11	9	4	7	5
ASV_496	7	12	2	4	2	18	13	8	7	6	2	7	4	2	2	4	11	10
ASV_290	12	5	5	10	1	2	5	4	3	8	12	1	2	9	17	9	8	7
ASV_306	9	9	5	3	5	16	9	3	0	3	3	14	4	8	4	6	5	14
ASV_520	4	9	8	4	3	1	7	15	8	9	15	4	4	2	9	8	7	3
ASV_276	9	13	3	8	9	7	7	3	10	2	5	2	10	8	5	6	3	9
ASV_336	4	9	22	4	7	6	3	8	7	7	3	4	4	7	7	7	6	4
ASV_267	7	7	2	5	0	8	7	10	9	3	10	9	3	3	12	11	4	8
ASV_275	6	2	7	9	6	7	9	9	4	5	8	9	9	7	6	4	7	4
ASV_312	6	9	15	3	0	0	17	1	6	6	7	3	0	14	2	14	4	11
ASV_329	6	3	11	11	3	10	5	1	6	3	9	8	10	7	4	5	8	8
ASV_346	8	10	2	8	8	10	2	4	7	5	7	12	8	7	8	3	6	3
ASV_350	10	13	7	3	7	16	6	2	5	2	4	4	2	10	7	4	9	5
ASV_318	2	10	5	3	2	2	11	9	9	5	7	6	5	5	7	9	10	8
ASV_332	7	8	18	8	3	13	3	4	6	5	5	4	6	4	11	4	4	2
ASV_1597	6	9	3	9	2	4	13	15	11	3	11	5	3	6	7	1	3	3
ASV_269	10	4	5	4	3	7	7	21	4	6	4	8	5	3	2	5	5	11
ASV_307	2	8	7	10	8	8	5	5	2	10	3	5	3	4	15	5	6	8
ASV_374	1	18	4	3	6	16	5	5	3	6	2	6	0	3	2	23	4	7
ASV_499	5	6	2	3	8	4	4	10	3	3	1	7	1	3	49	1	0	4
ASV_311	4	6	28	6	6	4	2	7	3	8	4	6	4	5	3	9	3	5
ASV_328	20	1	32	3	1	2	1	3	4	4	6	11	1	4	6	11	1	1
ASV_378	5	10	1	6	0	2	7	14	16	15	3	1	6	0	2	11	0	13
ASV_292	8	5	4	4	3	8	3	9	10	6	3	10	3	3	7	11	5	9
ASV_364	4	10	6	3	2	4	8	5	9	7	9	10	3	7	3	6	3	11
ASV_289	5	7	8	6	4	8	8	7	4	3	3	3	4	3	9	13	4	10
ASV_323	3	5	3	4	4	3	7	8	5	11	6	20	1	3	0	1	22	3
ASV_330	11	7	2	13	6	5	4	5	7	3	4	4	5	5	12	8	5	3
ASV_405	8	10	3	9	10	4	4	6	10	7	5	6	5	5	6	3	4	4
ASV_305	5	10	21	4	10	7	2	11	3	2	3	5	4	1	6	4	5	5
ASV_583	5	14	10	2	2	5	4	9	7	9	7	5	3	4	5	4	3	10
ASV_744	11	8	4	5	2	10	6	4	5	1	9	8	2	3	6	9	7	8
ASV_797	25	14	11	1	2	5	7	3	0	7	6	2	1	2	3	7	10	2
ASV_295	8	9	4	11	4	3	4	8	8	1	5	7	6	4	5	5	3	12
ASV_296	5	6	3	12	8	8	4	2	11	5	4	2	6	6	9	4	7	5
ASV_362	2	6	3	4	4	6	5	9	6	5	6	5	12	9	4	15	2	4
ASV_365	2	4	4	2	1	5	9	6	7	8	11	8	7	7	9	2	6	9
ASV_854	6	7	3	3	6	6	7	3	5	3	7	7	8	7	8	2	9	10
ASV_1275	5	2	0	4	4	5	6	3	1	4	10	10	9	11	6	10	5	11
ASV_299	7	5	5	0	1	4	6	16	4	5	6	12	2	9	7	9	3	5
ASV_321	1	5	2	7	7	5	11	4	3	10	4	4	3	10	8	10	9	3
ASV_352	0	24	1	6	0	4	4	9	8	1	5	3	5	13	9	10	0	4
ASV_733	3	12	1	0	2	6	5	12	11	5	3	21	8	2	5	1	2	7
ASV_294	6	10	5	4	9	9	10	5	4	4	9	3	3	2	9	8	2	3
ASV_459	1	14	6	4	1	1	4	8	4	11	3	6	8	3	10	1	9	11
ASV_625	6	9	8	8	6	5	4	10	3	5	8	3	4	1	4	9	6	6
ASV_356	4	1	3	8	21	5	1	3	4	4	18	1	4	2	7	7	5	6
ASV_592	7	4	1	3	2	5	14	7	2	5	11	11	8	9	4	5	3	3
ASV_453	4	3	9	4	3	10	8	5	4	1	5	7	3	5	10	5	9	8
ASV_304	6	0	0	3	2	0	0	8	3	21	19	7	0	7	2	17	3	4
ASV_316	9	14	4	3	20	3	0	1	5	2	4	4	0	23	2	1	4	3
ASV_340	6	9	15	2	10	3	1	5	2	8	4	5	4	1	3	5	10	9
ASV_342	7	1	1	1	4	3	11	13	7	10	4	2	2	8	10	5	8	5
ASV_334	1	7	4	23	5	5	7	1	0	5	4	1	3	4	14	4	7	6
ASV_419	7	14	2	7	6	7	7	4	10	3	1	8	3	4	3	4	6	5
ASV_333	2	8	3	3	1	5	4	3	1	7	3	3	4	6	3	8	1	35
ASV_605	2	16	6	0	2	3	7	11	5	3	5	25	2	0	3	5	4	1
ASV_383	1	8	26	11	0	1	6	4	3	6	4	3	3	10	2	3	2	6
ASV_384	6	3	8	11	2	2	12	7	3	5	11	7	5	3	3	4	0	7
ASV_297	3	2	0	1	1	1	11	7	7	8	11	8	7	3	9	6	3	10
ASV_349	4	7	5	2	6	1	7	6	1	4	16	3	7	4	8	3	8	6
ASV_396	8	12	1	5	12	3	1	8	5	4	4	4	11	2	7	5	1	5
ASV_433	4	7	8	6	3	4	1	8	6	2	4	4	5	4	25	5	2	0
ASV_556	7	3	19	16	5	1	7	5	0	5	3	8	3	0	5	6	3	2
ASV_370	1	4	9	3	8	2	1	2	5	6	13	2	2	3	16	4	5	11
ASV_371	9	4	5	5	7	5	3	8	4	5	3	7	6	7	5	3	3	8
ASV_601	4	3	2	39	1	16	0	4	10	1	2	2	3	3	3	1	3	0
ASV_641	5	6	10	8	8	10	7	1	2	2	3	8	2	6	5	7	3	4
ASV_339	5	3	2	2	2	5	2	0	3	1	12	1	4	31	6	2	13	2
ASV_422	6	7	6	6	6	6	5	3	4	7	8	6	3	4	9	2	5	3
ASV_309	4	2	6	15	14	6	2	1	6	2	3	3	1	18	2	4	5	1
ASV_324	4	1	6	2	7	2	6	2	6	3	6	4	1	10	8	9	5	13
ASV_337	7	3	0	7	7	13	4	5	2	3	9	2	2	6	5	9	2	9
ASV_341	5	6	3	5	1	1	6	9	7	4	5	6	13	2	7	8	4	3
ASV_377	8	7	5	4	2	2	10	4	0	4	6	13	6	5	3	4	1	11
ASV_380	3	4	5	0	4	3	13	2	12	5	5	13	3	0	5	6	3	9
ASV_417	5	4	1	5	5	22	3	3	7	2	9	5	5	0	7	1	3	8
ASV_548	5	12	20	1	4	5	1	3	3	1	3	1	6	1	14	4	2	9
ASV_343	6	6	3	4	0	5	10	3	8	3	8	12	5	1	4	5	5	6
ASV_354	15	1	3	2	27	8	1	0	3	2	0	3	2	4	5	5	9	4
ASV_368	5	7	5	5	3	5	8	6	7	5	7	5	3	3	8	4	7	1
ASV_684	2	6	6	7	3	5	6	10	5	3	2	7	4	7	11	1	3	6
ASV_338	3	4	3	3	17	1	2	5	3	8	5	7	8	4	6	4	2	8
ASV_367	5	13	3	6	6	1	9	1	5	5	6	8	5	6	2	4	5	3
ASV_427	5	4	4	2	7	20	12	4	2	3	5	7	4	1	4	2	3	4
ASV_428	1	5	4	5	7	4	5	4	6	3	8	1	4	6	7	12	4	7
ASV_390	4	3	3	0	2	3	2	1	1	2	41	11	1	6	6	4	1	1
ASV_463	3	4	13	3	0	0	9	1	0	9	9	12	2	1	7	5	7	7
ASV_348	8	17	6	3	5	7	1	2	8	0	2	2	7	4	3	6	8	2
ASV_409	5	6	0	4	21	7	6	8	1	2	3	2	5	11	1	3	2	4
ASV_571	7	4	6	4	4	12	5	2	6	0	7	6	2	4	6	10	4	2
ASV_461	4	7	5	3	2	13	6	10	5	9	5	9	1	2	2	0	1	6
ASV_504	5	4	4	8	4	5	3	2	8	5	4	5	4	10	2	5	9	3
ASV_335	5	1	4	6	5	1	1	6	5	7	7	6	10	4	4	8	4	5
ASV_913	6	4	7	10	7	10	5	1	6	2	2	5	5	2	3	5	1	8
ASV_1234	8	3	6	4	6	7	2	1	6	2	2	15	4	2	3	3	10	4
ASV_379	10	4	3	2	2	8	7	4	5	9	6	7	4	1	4	5	4	3
ASV_382	15	5	5	0	3	7	8	8	1	3	5	9	3	1	4	2	5	4
ASV_398	1	8	3	2	3	2	17	7	10	5	2	4	2	6	6	6	2	2
ASV_403	3	3	4	7	16	12	3	10	1	6	3	0	3	5	1	4	4	3
ASV_480	1	5	2	8	1	9	6	6	4	1	6	5	7	2	5	10	1	9
ASV_388	5	7	1	7	7	4	8	4	5	3	4	9	5	5	2	4	4	3
ASV_392	8	5	11	3	2	7	6	2	1	3	11	6	2	4	9	0	4	3
ASV_530	0	10	2	2	0	3	9	8	3	4	3	9	7	2	5	5	12	3
ASV_1027	7	10	6	3	5	3	3	10	1	4	4	4	5	1	9	3	5	3
ASV_381	3	1	1	1	1	1	13	7	8	6	2	7	5	9	5	5	4	7
ASV_425	2	5	5	4	6	13	5	3	2	9	6	5	1	2	6	5	2	5
ASV_549	4	3	9	2	4	2	4	12	2	4	2	3	6	2	12	4	9	2
ASV_586	7	1	0	3	0	5	14	4	5	4	7	3	1	2	9	2	6	13
ASV_610	3	6	3	4	3	2	4	4	1	4	8	1	6	9	3	15	2	8
ASV_351	7	3	32	2	1	1	4	5	3	1	1	7	2	2	4	6	1	3
ASV_391	7	3	1	5	1	3	3	8	3	4	6	4	7	4	4	7	6	9
ASV_395	2	2	7	8	13	4	1	0	0	1	21	5	1	1	2	6	4	7
ASV_402	3	8	3	6	1	2	6	8	5	1	2	6	6	4	1	6	8	9
ASV_404	3	7	18	0	3	5	5	4	4	4	4	1	1	2	4	12	2	6
ASV_355	4	0	4	2	9	6	3	1	9	5	5	1	9	9	4	4	6	3
ASV_361	3	4	7	9	3	5	7	5	4	5	7	7	3	3	7	2	0	3
ASV_363	3	2	2	6	2	3	4	6	0	7	4	4	3	7	12	6	8	5
ASV_366	2	1	6	4	7	3	5	4	6	5	4	6	3	4	9	5	5	5
ASV_389	2	3	3	2	1	1	3	3	20	6	1	4	7	5	6	10	2	5
ASV_394	5	3	0	0	1	6	9	3	4	2	3	3	2	1	3	0	25	14
ASV_445	3	8	0	7	32	0	1	4	3	4	1	1	2	5	0	6	3	4
ASV_386	1	4	4	4	3	7	5	3	8	5	5	6	3	1	8	4	6	5
ASV_440	22	20	3	0	0	3	6	3	3	4	3	8	2	2	0	0	1	2
ASV_746	3	3	1	4	0	0	4	7	8	12	8	1	7	6	4	7	1	6
ASV_414	3	3	2	1	11	3	3	7	1	8	9	2	3	2	6	6	6	5
ASV_429	3	7	6	18	15	6	1	0	1	1	1	2	3	3	2	1	6	5
ASV_450	0	23	2	5	1	1	3	7	4	5	4	2	2	5	7	7	1	2
ASV_1150	4	4	3	5	5	5	5	3	7	5	4	9	5	6	3	3	1	3
ASV_1605	4	10	4	8	5	4	6	3	5	3	2	3	8	3	2	3	2	5
ASV_372	4	9	2	8	5	3	6	3	4	4	1	2	9	2	5	6	4	3
ASV_393	1	8	4	2	0	3	5	11	9	3	3	8	5	3	7	1	3	4
ASV_399	4	4	0	2	9	5	7	4	0	4	3	4	0	1	6	20	1	6
ASV_401	4	2	1	5	7	6	1	2	6	6	3	0	8	9	2	5	8	5
ASV_406	2	5	7	6	4	4	4	4	7	1	4	6	4	6	5	4	4	3
ASV_411	8	4	2	4	3	4	6	5	0	4	8	9	1	6	6	3	2	5
ASV_454	5	10	8	4	1	1	6	3	2	6	0	7	4	7	7	2	2	5
ASV_538	3	7	2	1	12	1	3	13	6	3	2	2	6	6	2	3	3	5
ASV_1458	5	7	0	0	0	7	17	13	3	3	5	5	1	1	2	3	7	0
ASV_1493	6	2	5	1	2	2	5	2	19	3	6	7	4	0	4	5	2	4
ASV_373	5	0	1	0	0	0	0	0	47	2	0	0	24	0	0	0	0	0
ASV_376	2	11	1	8	1	3	3	13	1	3	1	3	10	6	10	1	1	1
ASV_431	1	10	7	1	34	1	1	0	2	1	1	10	3	2	0	0	3	2
ASV_476	4	4	5	9	5	3	3	7	1	0	3	7	5	2	7	4	5	5
ASV_484	1	10	1	1	1	1	9	8	11	2	3	8	4	5	7	3	2	2
ASV_400	6	0	0	0	0	31	1	3	0	0	4	19	2	0	2	10	0	0
ASV_436	5	3	2	0	1	5	14	6	7	2	5	5	3	1	8	2	5	4
ASV_585	3	10	2	3	4	4	4	11	4	1	2	7	4	2	8	1	4	4
ASV_1068	5	5	9	3	2	5	7	3	4	5	2	9	3	5	5	3	1	1
ASV_397	1	2	6	3	3	2	2	4	6	4	8	5	7	7	6	0	4	7
ASV_416	2	2	3	18	1	2	8	0	3	8	1	7	1	1	8	0	4	8
ASV_421	7	10	1	2	1	5	1	7	9	7	6	2	2	3	2	4	3	5
ASV_495	7	1	6	1	3	2	6	5	4	1	6	7	3	3	3	2	6	11
ASV_527	2	8	1	3	0	1	5	5	5	4	9	5	7	4	6	4	4	4
ASV_532	0	2	1	1	1	3	4	12	2	15	7	21	1	2	1	2	1	1
ASV_554	3	4	3	2	5	5	6	1	3	6	5	6	6	6	3	3	5	5
ASV_629	6	6	3	3	2	2	1	7	9	6	3	1	6	6	8	3	2	3
ASV_711	7	5	3	9	0	7	8	4	3	6	4	2	4	3	2	3	3	4
ASV_962	2	6	0	6	3	10	4	0	6	3	9	4	4	1	5	11	1	2
ASV_426	19	1	3	6	0	2	5	1	1	5	2	12	4	1	2	4	5	3
ASV_432	7	5	1	1	6	4	3	2	3	8	4	2	9	1	3	4	4	9
ASV_465	2	5	4	4	7	6	4	1	5	1	4	6	4	5	4	7	3	4
ASV_630	2	0	14	1	3	14	1	3	6	6	4	1	7	7	0	1	5	1
ASV_732	2	7	6	2	5	7	0	9	2	1	11	1	4	1	1	8	6	3
ASV_737	4	8	3	7	3	1	3	12	3	3	7	6	0	0	4	3	1	8
ASV_1309	1	4	0	3	1	1	5	8	7	3	3	4	11	6	6	5	4	3
ASV_424	6	5	7	2	1	0	7	9	3	5	6	1	3	3	3	2	3	8
ASV_505	5	4	6	5	3	2	12	1	2	5	4	7	2	3	3	3	3	4
ASV_407	7	7	2	3	3	4	9	3	4	4	4	1	5	2	4	3	3	5
ASV_418	2	8	1	1	3	3	9	6	2	4	9	5	2	2	5	3	6	2
ASV_423	5	3	0	8	7	3	9	5	4	8	4	2	3	0	1	2	2	7
ASV_413	3	3	4	7	10	2	2	1	3	1	5	2	4	5	5	5	8	1
ASV_430	0	4	0	1	0	0	1	3	2	5	1	8	1	37	0	8	0	0
ASV_561	5	4	0	4	2	5	4	2	9	1	4	11	0	2	4	4	7	3
ASV_607	0	4	0	24	0	21	1	1	1	1	0	4	1	0	6	6	0	1
ASV_435	2	9	1	3	1	6	3	2	2	6	2	8	2	1	7	6	3	6
ASV_442	4	0	4	3	0	2	6	4	7	2	6	3	8	5	5	0	8	3
ASV_486	3	4	1	4	6	4	4	2	6	7	6	5	6	3	1	0	4	4
ASV_542	5	1	9	7	2	4	0	4	1	5	6	6	2	3	9	4	1	1
ASV_632	6	2	2	2	1	1	4	0	5	4	2	1	7	8	5	14	3	3
ASV_717	3	1	1	0	4	8	4	0	3	4	3	3	1	0	11	2	21	1
ASV_826	9	5	3	3	2	2	3	3	5	1	2	10	3	4	4	4	0	7
ASV_940	0	0	1	2	1	3	2	0	7	3	10	8	9	6	7	3	5	3
ASV_1606	2	4	8	6	1	4	4	5	4	0	4	0	4	5	8	1	3	6
ASV_434	1	5	4	3	1	2	6	7	3	12	0	4	2	5	3	3	6	2
ASV_498	2	3	5	8	2	4	7	1	2	4	7	4	4	7	4	2	0	3
ASV_537	8	5	3	1	3	3	6	2	4	2	6	4	0	3	10	1	3	5
ASV_974	1	5	0	1	0	0	12	2	5	3	10	11	3	1	6	7	0	2
ASV_444	5	3	10	2	1	1	5	1	3	2	3	3	4	7	7	5	2	4
ASV_468	11	5	0	0	0	2	10	1	5	2	6	10	6	2	2	0	5	1
ASV_497	1	1	3	3	19	7	2	0	1	5	6	4	1	3	0	5	3	4
ASV_518	4	3	3	4	1	2	8	2	8	2	15	2	3	1	5	1	1	3
ASV_553	3	3	3	0	0	0	6	4	5	9	3	4	4	4	8	7	2	3
ASV_742	3	4	2	3	5	3	4	3	5	4	4	5	4	8	2	3	6	0
ASV_439	8	8	0	1	2	0	2	6	1	3	4	8	3	0	2	3	9	7
ASV_446	11	2	1	0	18	2	0	17	0	0	7	2	1	2	1	0	2	1
ASV_458	2	2	1	7	3	3	8	2	1	3	6	2	4	6	3	8	2	4
ASV_477	6	0	1	3	1	4	7	2	8	4	1	1	20	1	3	1	4	0
ASV_509	2	1	8	5	2	4	5	8	2	1	1	1	0	4	6	4	8	5
ASV_591	6	4	2	4	2	3	4	3	1	1	6	5	4	3	4	6	4	5
ASV_1160	3	2	1	5	4	2	11	3	0	8	3	5	3	0	6	5	1	4
ASV_420	5	4	1	0	0	7	8	1	3	3	6	9	4	3	5	0	3	4
ASV_441	2	2	2	7	5	3	3	2	2	6	2	6	1	6	4	7	4	2
ASV_449	2	5	6	9	10	2	3	3	0	2	1	5	2	5	3	4	3	1
ASV_460	2	2	9	5	10	1	2	3	2	6	3	0	6	4	3	2	4	2
ASV_507	4	5	1	4	3	7	4	5	2	5	3	2	1	5	2	3	4	6
ASV_584	4	3	5	3	3	15	2	7	1	0	4	3	2	4	2	5	1	2
ASV_590	4	1	10	0	7	1	0	2	5	8	5	3	1	5	6	2	1	5
ASV_603	9	9	2	0	1	0	5	5	1	4	2	1	18	1	2	0	3	3
ASV_743	3	4	10	7	3	8	0	2	1	1	6	3	2	1	2	7	3	3
ASV_837	1	2	3	4	4	4	4	5	4	2	2	9	5	4	6	3	2	2
ASV_1593	2	6	5	4	0	2	4	8	3	1	4	6	3	0	5	5	5	2
ASV_1621	4	1	3	2	3	1	2	6	2	5	3	9	8	2	2	4	2	6
ASV_1720	0	4	3	5	2	4	8	7	0	0	2	2	11	3	4	3	5	2
ASV_443	4	12	2	1	5	2	5	3	0	3	4	4	7	3	4	1	1	4
ASV_467	0	2	8	3	6	5	2	3	4	3	4	3	1	2	5	8	4	2
ASV_506	2	2	1	0	1	4	5	4	2	2	7	6	2	4	3	7	7	6
ASV_528	0	37	2	1	1	0	4	0	9	0	1	1	0	0	0	0	0	9
ASV_547	3	6	7	9	9	2	4	1	4	1	4	4	2	1	0	2	1	5
ASV_580	7	5	3	2	1	3	7	5	3	4	5	6	1	4	3	2	3	1
ASV_1450	3	8	0	10	2	3	6	5	1	7	4	1	4	1	1	1	0	7
ASV_451	3	3	2	2	1	2	6	8	8	3	4	7	5	1	3	0	2	4
ASV_473	1	18	0	0	2	2	9	5	2	3	4	7	3	2	1	1	2	2
ASV_494	2	4	1	3	3	4	3	1	5	3	9	7	5	4	4	5	1	0
ASV_500	1	3	1	5	1	9	3	4	5	0	5	5	0	7	1	5	5	4
ASV_511	4	2	11	2	2	10	6	2	1	7	0	6	1	0	6	0	2	2
ASV_1151	7	1	1	3	2	13	8	2	1	3	3	4	3	2	2	1	2	5
ASV_447	3	6	1	2	1	2	1	1	8	5	4	4	3	7	5	3	5	2
ASV_455	2	4	2	7	3	3	3	2	2	0	4	4	5	3	5	6	5	3
ASV_482	8	2	3	1	3	1	1	0	2	5	8	4	3	0	5	5	0	12
ASV_502	4	0	8	1	6	4	2	6	5	6	1	1	4	2	5	4	1	3
ASV_519	1	4	0	1	3	4	4	4	1	4	14	14	1	0	1	0	7	0
ASV_550	0	3	0	0	0	0	7	21	8	2	1	5	4	6	4	1	1	0
ASV_1002	4	1	1	4	4	2	5	2	2	5	3	7	6	7	3	5	0	1
ASV_1162	5	7	4	0	5	7	4	2	1	3	2	3	2	1	7	4	0	5
ASV_462	3	5	3	3	2	3	5	2	2	2	3	2	4	4	6	6	2	5
ASV_466	6	3	6	11	3	3	0	1	3	2	1	0	3	2	1	8	9	0
ASV_483	3	4	3	8	1	4	5	3	3	3	4	3	4	8	3	3	0	0
ASV_574	6	3	1	2	3	5	6	5	5	6	4	2	2	3	2	2	2	3
ASV_608	1	5	2	0	1	2	2	23	0	2	12	4	0	1	0	1	2	4
ASV_673	3	1	3	5	3	0	3	3	10	2	2	5	3	5	2	1	2	9
ASV_871	4	1	0	2	0	0	1	5	4	0	6	4	6	5	10	2	5	7
ASV_1246	5	6	7	1	3	2	1	5	3	6	3	4	4	0	3	4	1	3
ASV_1376	7	10	1	1	0	1	6	2	4	1	3	7	8	1	3	4	1	1
ASV_1506	3	2	1	5	2	1	8	7	1	2	5	7	0	2	6	3	5	1
ASV_464	3	2	7	1	4	2	2	1	5	6	3	3	2	2	3	7	3	5
ASV_515	3	2	3	5	0	1	7	3	2	4	3	2	4	7	3	3	7	2
ASV_563	9	4	5	1	2	2	4	4	0	0	2	4	5	5	1	4	4	5
ASV_578	6	3	4	4	4	0	4	5	1	3	6	1	1	4	3	1	3	8
ASV_588	1	0	10	2	2	1	4	6	2	2	3	5	3	1	3	7	5	4
ASV_594	5	1	8	0	0	5	4	2	5	1	3	3	7	2	2	5	6	2
ASV_599	1	0	5	0	1	0	0	5	0	32	3	8	1	1	1	2	0	1
ASV_620	2	2	4	5	0	5	5	2	1	4	6	2	3	5	5	4	3	3
ASV_701	3	6	1	2	0	3	3	6	5	3	5	6	4	3	1	3	3	4
ASV_800	4	5	0	3	1	5	5	2	1	7	1	2	7	2	3	5	3	5
ASV_875	8	4	6	0	2	0	4	8	2	1	3	4	2	1	5	5	1	5
ASV_892	6	6	4	2	7	4	3	3	6	1	2	4	2	3	2	4	2	0
ASV_920	4	4	0	2	0	4	6	7	3	2	3	6	2	1	7	1	4	5
ASV_1036	3	3	3	6	1	3	4	0	4	1	12	5	2	3	3	2	2	3
ASV_1081	1	1	2	0	0	0	10	6	7	0	1	9	3	3	9	5	2	1
ASV_1241	4	12	1	0	2	5	11	1	3	5	3	1	1	0	1	6	3	1
ASV_1491	0	3	6	1	0	1	11	7	5	0	3	9	3	4	4	3	0	0
ASV_524	5	6	3	4	3	1	0	7	0	3	5	3	8	4	2	2	2	2
ASV_555	3	3	2	5	1	1	1	2	4	2	4	7	4	4	2	3	3	9
ASV_638	0	6	1	0	0	1	8	15	5	1	5	8	2	1	1	6	0	0
ASV_677	0	7	2	1	0	0	5	8	7	1	5	5	4	3	4	2	5	1
ASV_681	4	3	0	4	3	9	6	1	0	5	5	8	2	3	1	2	1	3
ASV_738	4	1	2	1	4	4	4	0	5	5	6	1	1	4	3	3	4	8
ASV_1281	1	4	2	3	5	3	7	5	2	3	2	7	5	1	1	2	1	5
ASV_1520	0	3	2	6	3	4	4	4	2	6	3	4	0	2	4	1	6	5
ASV_1590	0	3	4	6	5	6	3	2	1	6	2	4	1	0	5	2	5	4
ASV_481	2	1	7	4	1	6	4	1	1	5	2	7	2	0	5	5	2	4
ASV_493	3	4	3	1	1	1	3	6	2	6	6	3	4	2	3	2	7	2
ASV_508	0	6	3	3	1	3	4	1	6	4	4	3	1	2	6	5	1	6
ASV_531	1	1	2	5	0	0	7	4	4	4	2	5	5	3	5	3	3	5
ASV_848	3	5	11	2	3	1	3	2	3	1	2	3	4	3	1	3	3	6
ASV_919	3	3	4	0	5	4	6	3	3	0	5	1	7	3	4	2	3	3
ASV_457	1	0	0	1	1	0	1	4	1	3	19	1	3	0	0	0	3	20
ASV_487	2	1	1	1	12	2	1	3	2	0	6	2	2	4	4	4	8	3
ASV_488	3	3	1	7	8	2	2	1	3	3	5	4	2	2	4	2	2	4
ASV_490	2	3	2	4	4	7	4	0	1	3	2	6	2	3	6	4	4	1
ASV_551	4	1	3	3	7	0	5	4	0	2	4	8	2	2	4	2	5	2
ASV_562	6	1	0	3	2	3	8	2	7	2	2	2	5	2	3	8	1	1
ASV_567	2	1	0	2	3	4	3	0	2	0	4	0	0	14	1	2	19	1
ASV_568	0	0	0	0	0	0	49	3	0	0	0	0	0	0	1	4	0	1
ASV_573	3	3	0	5	4	3	3	1	5	2	4	3	1	4	6	5	2	4
ASV_587	0	0	1	0	5	4	2	3	1	1	11	1	1	5	5	0	18	0
ASV_649	7	2	2	9	0	3	3	7	4	2	5	1	4	0	0	2	5	2
ASV_930	6	7	10	5	5	2	0	1	2	1	3	0	2	3	5	2	3	1
ASV_937	2	1	4	0	2	2	6	5	3	4	6	1	7	4	4	3	1	3
ASV_1372	3	4	2	2	0	0	11	4	3	2	5	5	2	3	3	1	2	5
ASV_569	3	0	0	0	1	0	16	0	5	6	1	2	6	3	7	3	1	3
ASV_600	3	5	1	2	2	2	1	5	4	2	2	3	12	4	1	3	1	4
ASV_642	3	3	8	1	3	7	2	1	3	3	1	3	2	7	2	5	1	2
ASV_754	3	3	2	1	4	7	2	2	2	2	1	3	5	4	5	6	2	3
ASV_868	0	0	0	0	1	2	7	5	2	2	8	10	5	3	4	3	3	2
ASV_1004	3	4	7	2	6	2	0	7	0	2	4	7	0	0	1	6	1	4
ASV_1016	3	4	3	8	3	1	7	2	2	2	2	10	2	1	3	2	1	0
ASV_1273	2	3	2	5	2	3	2	3	0	3	4	4	6	3	4	3	5	2
ASV_1429	3	5	1	2	1	8	4	4	3	2	3	5	4	2	2	5	1	1
ASV_1456	6	9	0	1	3	1	4	4	3	2	2	6	2	3	3	3	1	3
ASV_1538	1	5	1	2	0	2	5	12	5	2	1	2	0	5	6	1	2	4
ASV_1612	11	1	2	6	4	4	2	1	4	6	1	5	0	4	1	2	1	1
ASV_1781	6	4	0	7	1	1	1	7	4	2	2	2	4	0	3	0	3	9
ASV_489	5	3	2	3	1	4	4	1	5	2	4	7	0	1	7	1	4	2
ASV_529	0	3	1	3	4	4	7	5	2	3	6	1	4	1	4	4	1	3
ASV_534	12	7	0	6	0	0	7	4	1	0	8	4	0	0	4	0	1	2
ASV_536	1	1	2	3	1	1	1	9	5	4	0	2	17	1	2	4	0	2
ASV_676	1	2	2	2	0	2	4	3	5	1	9	3	1	1	3	5	4	8
ASV_683	3	2	2	4	4	2	5	3	2	1	7	3	5	3	3	2	4	1
ASV_781	4	3	3	4	4	0	5	6	1	3	3	8	3	1	4	3	0	1
ASV_558	2	0	0	0	0	0	2	1	7	0	0	0	1	0	0	38	1	3
ASV_559	6	2	3	4	2	1	6	0	2	6	5	4	2	5	4	1	0	2
ASV_595	2	4	0	1	0	1	2	6	2	3	2	8	8	3	3	6	1	3
ASV_612	2	0	0	1	0	1	8	3	1	3	6	5	7	4	4	1	6	3
ASV_639	1	3	6	4	0	2	3	5	1	4	4	4	8	4	0	3	2	1
ASV_652	1	8	2	6	4	4	2	2	1	2	2	4	5	0	3	3	4	2
ASV_675	0	4	0	0	0	0	6	0	4	1	0	2	0	0	1	0	0	37
ASV_782	3	4	1	1	3	2	9	1	1	2	6	3	3	1	2	6	2	5
ASV_842	3	3	3	4	2	1	4	4	2	0	0	2	6	3	6	3	3	6
ASV_1046	7	2	1	8	4	4	3	3	1	2	2	1	2	4	1	2	4	3
ASV_1086	3	0	3	2	0	3	7	5	4	4	4	7	2	2	0	3	2	3
ASV_1125	5	10	1	0	0	4	11	2	2	3	1	5	2	2	0	1	4	1
ASV_1129	0	5	8	3	1	1	4	2	3	1	3	4	3	2	3	4	4	3
ASV_501	2	2	1	7	4	1	2	7	0	3	5	4	3	0	2	3	1	7
ASV_521	1	2	4	1	1	2	3	3	5	2	2	4	1	5	6	5	3	4
ASV_546	0	3	1	2	1	1	0	12	7	6	6	2	2	0	6	1	2	2
ASV_626	3	5	4	1	2	6	1	0	1	4	4	2	4	3	1	6	4	3
ASV_659	3	3	1	2	0	7	5	6	3	1	2	8	2	3	5	2	1	0
ASV_786	0	0	0	7	0	1	6	6	10	21	0	0	0	1	0	0	1	1
ASV_525	2	2	3	0	6	1	3	5	2	4	2	0	1	4	6	5	0	7
ASV_544	3	6	10	0	1	9	3	0	4	7	1	0	3	1	2	0	2	1
ASV_552	1	4	2	0	5	3	4	0	4	2	3	6	1	6	4	0	2	6
ASV_613	3	2	0	2	0	1	7	3	3	4	4	8	4	1	3	0	4	4
ASV_712	1	1	0	0	1	1	2	0	7	14	5	0	2	5	8	5	0	1
ASV_846	5	1	0	0	1	5	2	0	3	4	4	2	1	8	6	1	3	7
ASV_522	3	2	0	1	2	0	3	9	5	5	5	2	5	1	2	3	2	2
ASV_540	2	5	2	1	4	0	1	2	2	4	3	4	4	4	4	2	4	4
ASV_575	4	3	1	5	2	3	3	0	2	2	1	5	7	5	2	3	0	4
ASV_598	0	0	1	0	0	0	51	0	0	0	0	0	0	0	0	0	0	0
ASV_604	2	6	0	2	5	3	3	2	1	4	5	1	5	1	1	6	4	1
ASV_624	2	4	0	3	1	1	2	3	5	1	4	8	5	2	3	5	0	3
ASV_643	4	1	0	0	1	0	2	4	3	5	1	3	1	0	0	22	0	5
ASV_662	9	2	1	1	0	0	4	2	1	4	2	2	0	3	4	12	0	5
ASV_700	3	3	10	0	0	4	2	1	5	3	3	4	3	1	1	3	3	3
ASV_936	3	5	5	1	1	5	3	4	0	3	4	1	4	3	0	1	4	5
ASV_972	0	5	1	2	1	4	5	4	6	3	4	6	4	0	2	2	1	2
ASV_1149	4	3	1	0	0	1	5	5	8	0	2	4	4	1	4	1	8	0
ASV_1244	1	2	3	1	2	3	2	3	9	5	4	2	1	2	3	2	3	3
ASV_1341	0	0	0	1	1	4	4	4	0	3	19	1	1	3	0	10	0	0
ASV_475	3	4	1	4	0	2	5	3	3	3	11	6	4	0	0	0	1	1
ASV_510	3	0	0	0	0	2	1	12	0	8	0	1	6	0	0	1	15	2
ASV_541	1	2	2	0	0	1	6	6	2	3	6	3	4	2	5	2	1	5
ASV_557	4	1	8	5	3	2	2	2	0	2	3	1	7	2	4	1	1	3
ASV_581	4	4	3	5	0	2	3	5	2	2	1	7	3	3	1	2	2	2
ASV_617	3	1	2	3	3	7	2	6	3	5	3	6	1	0	1	3	2	0
ASV_618	6	1	1	0	9	1	4	7	0	5	3	1	1	2	0	3	5	2
ASV_708	5	5	2	0	0	18	7	0	0	2	2	3	0	0	2	3	0	2
ASV_784	2	0	0	32	1	0	1	5	0	3	2	1	2	0	0	1	1	0
ASV_829	1	6	2	1	0	1	3	4	4	4	2	6	5	2	3	0	1	6
ASV_858	1	3	2	3	4	2	0	2	2	2	3	3	5	6	3	4	3	3
ASV_1020	2	2	4	3	6	3	3	6	2	1	2	3	0	3	3	3	2	2
ASV_1629	3	0	3	3	2	3	3	0	2	2	3	6	3	2	2	3	2	8
ASV_1694	1	3	1	5	1	4	3	3	1	5	0	1	2	3	2	4	8	3
ASV_539	2	4	1	3	2	4	1	1	3	2	5	2	5	2	2	6	1	4
ASV_564	0	1	5	5	2	5	3	1	5	1	1	3	3	7	1	2	4	1
ASV_664	2	4	10	1	3	2	2	3	0	1	5	1	0	3	3	5	2	3
ASV_667	4	1	8	2	1	1	7	6	2	1	0	4	2	3	1	1	3	3
ASV_686	3	7	0	1	2	5	5	3	3	1	4	3	2	5	3	2	1	0
ASV_690	4	2	1	4	3	4	4	0	2	1	4	5	0	1	4	3	4	4
ASV_725	3	1	6	0	12	0	1	3	1	6	0	0	4	2	3	3	0	5
ASV_757	0	6	2	2	2	0	3	3	3	2	2	2	4	4	5	8	0	2
ASV_880	2	5	4	4	1	3	4	1	1	2	1	6	3	3	2	3	2	3
ASV_1301	3	4	9	1	0	3	2	6	2	1	4	4	0	2	3	2	2	1
ASV_1411	5	1	1	5	3	1	2	2	2	7	2	1	2	3	5	4	1	2
ASV_1487	0	1	0	2	0	1	2	0	1	3	0	1	2	1	3	27	2	3
ASV_1526	0	2	0	1	0	0	5	14	3	4	1	3	4	3	3	2	2	2
ASV_576	2	2	7	0	6	20	2	2	1	0	1	0	0	0	1	1	1	3
ASV_678	1	1	2	0	1	1	10	3	2	5	4	3	4	3	5	1	0	3
ASV_696	1	0	0	7	0	4	8	2	2	2	2	2	2	1	4	4	2	6
ASV_702	3	3	1	2	0	3	4	4	3	5	1	10	1	3	1	2	0	3
ASV_716	1	4	1	1	1	1	5	4	3	1	2	2	1	0	1	16	1	4
ASV_730	11	0	1	2	4	7	1	0	2	1	4	7	1	0	4	0	2	2
ASV_763	3	5	1	4	4	7	4	2	3	2	1	5	2	0	2	1	0	3
ASV_859	0	2	3	1	8	3	1	7	0	0	3	2	1	2	3	1	7	5
ASV_867	0	3	1	0	1	1	7	2	2	1	8	5	3	5	7	0	1	2
ASV_971	0	0	3	0	1	1	2	2	7	1	8	7	3	6	1	3	3	1
ASV_992	5	4	0	4	0	3	2	3	4	4	1	5	4	2	4	1	2	1
ASV_1021	0	0	0	0	0	0	45	0	0	0	2	0	0	0	0	0	1	0
ASV_1049	2	3	4	1	3	2	4	4	3	2	0	4	4	1	0	4	6	1
ASV_1258	3	1	1	6	3	5	1	2	4	2	5	1	1	2	3	0	4	4
ASV_582	3	1	1	3	1	0	6	1	6	5	0	3	4	3	6	2	1	2
ASV_589	5	2	3	3	0	3	5	5	1	2	0	3	2	1	5	1	4	3
ASV_619	2	5	1	4	2	5	0	5	1	4	2	4	2	2	6	0	2	1
ASV_628	3	2	5	9	1	1	1	2	0	1	4	4	0	2	0	3	2	8
ASV_666	7	3	4	2	0	3	5	3	3	4	3	0	2	1	3	1	1	3
ASV_890	2	2	0	2	0	7	4	0	3	3	8	3	1	1	4	3	2	3
ASV_904	0	2	0	1	6	4	4	3	2	5	4	4	3	1	1	4	3	1
ASV_1134	0	0	2	2	17	1	0	10	0	2	2	0	0	0	4	1	0	6
ASV_654	1	3	4	3	2	1	3	4	2	3	3	2	1	3	3	4	0	5
ASV_658	6	2	8	1	2	2	3	2	1	3	3	5	2	2	1	1	1	2
ASV_734	0	1	37	0	0	0	2	1	1	2	0	0	0	0	0	1	0	2
ASV_768	2	1	1	2	2	9	5	5	2	4	2	3	2	1	2	2	0	2
ASV_840	1	1	17	5	2	0	3	1	2	2	1	1	0	0	3	1	4	3
ASV_1142	3	1	1	2	3	5	5	2	1	5	2	0	1	1	3	6	1	4
ASV_1547	5	5	1	1	0	2	3	2	2	1	5	5	2	1	3	3	4	1
ASV_512	2	1	0	0	1	3	5	2	4	8	1	0	0	1	10	1	0	7
ASV_533	1	1	0	6	2	1	2	3	5	1	3	6	0	2	1	2	1	9
ASV_565	0	2	2	3	3	1	1	6	1	3	3	1	1	5	4	3	2	5
ASV_616	3	22	10	1	0	0	0	0	1	1	0	1	0	0	0	3	0	4
ASV_622	0	2	0	0	0	1	4	4	3	6	1	3	3	3	4	7	0	5
ASV_623	1	5	0	1	0	0	4	6	2	5	3	2	3	1	7	1	3	2
ASV_635	3	3	2	4	0	7	4	3	2	4	2	1	3	3	1	2	1	1
ASV_636	0	1	3	4	1	2	4	1	1	5	7	4	0	3	3	1	1	5
ASV_644	2	4	1	1	4	2	5	3	1	1	1	3	3	0	5	1	1	8
ASV_687	5	0	0	3	0	2	1	6	2	1	1	4	3	0	0	1	1	16
ASV_710	2	3	2	0	1	1	3	1	1	1	5	5	6	1	4	3	2	5
ASV_905	3	2	0	2	1	1	6	2	4	4	3	4	7	2	0	0	4	1
ASV_929	0	1	1	0	1	5	14	3	0	0	1	2	1	1	13	1	1	1
ASV_991	1	2	2	4	2	4	6	2	2	1	2	5	3	3	1	3	2	1
ASV_1078	1	1	1	4	1	2	2	8	8	2	5	1	5	0	3	1	0	0
ASV_1214	2	3	1	1	4	1	5	1	2	5	1	6	1	1	1	1	3	6
ASV_1245	1	3	1	2	2	0	3	2	1	5	2	5	3	3	4	3	2	3
ASV_1409	5	0	4	9	0	2	3	2	1	0	2	2	3	2	1	7	2	0
ASV_1459	2	2	3	3	3	9	1	1	0	2	2	1	3	1	7	1	2	2
ASV_1495	1	3	3	4	3	1	4	3	2	5	3	4	0	1	2	4	0	2
ASV_1516	1	3	0	0	5	2	4	3	4	2	3	2	1	0	3	1	7	4
ASV_1736	1	1	7	0	10	5	2	3	3	6	0	1	0	3	1	0	1	1
ASV_593	4	2	0	0	0	2	3	7	1	3	0	4	3	0	4	4	4	4
ASV_602	6	6	9	0	1	2	2	2	0	1	1	1	2	2	0	4	5	1
ASV_633	1	5	1	2	0	4	2	5	2	3	3	9	4	1	0	1	1	1
ASV_645	2	1	1	1	1	2	2	1	7	7	3	1	1	5	3	2	2	3
ASV_660	1	2	7	2	2	8	0	1	1	1	3	2	2	3	2	4	4	0
ASV_661	12	3	1	0	0	0	4	2	7	2	1	2	3	1	1	3	2	1
ASV_688	3	10	0	1	2	1	4	5	5	4	0	1	1	0	2	1	4	1
ASV_713	0	1	4	3	2	6	3	0	4	2	5	5	2	0	0	2	3	3
ASV_794	2	7	3	2	2	2	0	3	4	1	5	0	1	0	2	1	9	1
ASV_899	1	2	1	1	2	0	3	2	1	5	5	4	3	1	2	9	0	3
ASV_1249	1	2	1	0	0	0	7	2	3	1	4	7	7	1	5	0	1	2
ASV_1467	3	6	1	4	0	1	1	2	5	0	5	2	5	3	2	1	0	3
ASV_1470	1	1	1	2	0	0	3	1	4	3	4	1	3	5	2	3	9	1
ASV_1687	13	1	3	1	0	0	2	3	3	0	3	2	4	0	1	3	2	3
ASV_1761	2	0	3	0	2	1	6	2	2	0	4	5	2	2	3	5	1	4
ASV_597	0	0	0	0	0	6	0	4	1	1	17	4	0	0	2	1	8	0
ASV_606	0	0	2	0	0	3	4	7	2	1	2	7	2	0	10	4	0	0
ASV_656	0	0	2	0	11	0	0	3	2	3	6	2	5	4	3	2	0	1
ASV_693	0	1	3	4	0	1	4	0	2	4	3	4	2	0	4	4	2	6
ASV_694	5	3	0	2	0	1	8	0	2	3	3	5	1	1	2	1	2	5
ASV_695	0	0	43	0	0	0	0	1	0	0	0	0	0	0	0	0	0	0
ASV_745	3	2	5	2	2	2	1	4	0	2	0	4	0	3	9	1	2	2
ASV_753	0	1	1	0	2	0	1	1	2	5	6	7	4	3	5	3	2	1
ASV_801	2	2	6	4	3	5	3	1	1	3	2	1	3	2	1	2	0	3
ASV_830	3	9	0	0	0	1	2	3	0	0	0	0	11	3	2	5	0	5
ASV_864	3	2	7	3	1	0	3	3	1	2	3	2	3	3	3	2	1	2
ASV_985	3	2	1	0	0	0	3	0	4	4	3	6	2	3	6	1	3	3
ASV_1155	1	1	37	0	0	0	0	2	0	0	0	1	0	0	1	0	0	0
ASV_1199	0	1	2	0	1	3	7	2	2	1	6	5	4	2	1	2	2	2
ASV_1330	0	1	2	1	0	3	6	5	4	1	2	3	3	1	5	3	2	1
ASV_1678	4	3	1	0	1	2	8	4	6	5	1	2	1	1	2	0	0	2
ASV_1771	4	3	3	1	1	2	6	3	3	1	3	3	3	1	2	1	0	3
ASV_615	4	1	0	1	1	4	4	3	4	0	1	3	4	4	2	1	2	4
ASV_647	2	0	2	2	1	0	1	4	3	1	1	4	3	4	5	4	4	2
ASV_665	7	0	0	0	3	4	6	5	0	2	5	1	0	0	2	3	3	2
ASV_671	3	4	2	0	2	0	4	2	1	2	2	6	3	1	3	1	0	7
ASV_714	1	1	0	0	1	3	4	8	1	3	0	9	4	2	2	0	2	2
ASV_715	0	2	3	3	2	2	2	1	1	0	15	3	3	0	0	2	4	0
ASV_741	4	4	7	1	4	3	2	2	0	2	0	2	0	3	1	3	4	1
ASV_771	3	1	1	2	0	3	2	5	1	5	5	1	2	4	2	2	1	3
ASV_772	2	9	7	2	2	2	0	2	2	1	0	3	1	2	2	5	0	1
ASV_815	1	0	1	0	0	0	2	1	5	3	0	7	20	1	1	0	0	1
ASV_906	1	0	0	0	0	0	18	2	0	16	0	6	0	0	0	0	0	0
ASV_910	5	2	0	2	3	1	0	3	5	3	1	3	3	1	0	3	5	3
ASV_949	2	4	6	1	0	2	1	4	1	1	4	1	1	1	4	4	0	6
ASV_986	2	1	1	1	0	5	3	2	4	1	2	3	6	0	2	4	2	4
ASV_997	2	0	1	5	1	5	1	4	3	0	6	5	3	0	3	2	2	0
ASV_1099	3	3	2	3	0	3	3	4	3	4	0	3	1	1	2	3	0	4
ASV_1465	6	5	0	0	1	2	1	5	5	3	2	1	3	1	0	3	3	1
ASV_1680	2	4	1	2	0	4	3	4	1	2	1	2	1	3	3	4	2	3
ASV_611	1	1	2	0	0	6	0	1	3	2	4	2	2	4	8	1	1	4
ASV_648	4	0	2	2	0	0	3	2	1	5	5	4	2	1	3	2	3	3
ASV_650	4	1	5	3	1	4	3	1	1	0	4	4	3	3	0	2	2	1
ASV_672	3	0	0	0	1	0	18	2	10	1	1	2	0	0	1	0	0	3
ASV_706	2	2	4	2	3	5	0	4	2	2	1	0	2	3	3	2	2	3
ASV_791	3	0	0	4	3	5	0	1	3	5	4	3	1	3	2	2	2	1
ASV_856	3	1	25	3	0	0	0	0	1	0	2	2	2	0	2	0	0	1
ASV_863	0	2	3	1	1	5	3	4	1	1	6	4	5	0	2	1	0	3
ASV_945	2	4	5	4	2	5	3	10	0	1	1	1	1	0	1	1	0	1
ASV_1073	2	2	0	0	1	1	5	2	2	0	1	22	0	0	0	0	2	1
ASV_1205	0	0	0	0	0	1	4	4	4	8	2	2	6	1	3	5	1	0
ASV_1353	1	5	4	2	2	2	0	2	1	1	1	3	4	5	2	1	2	3
ASV_1406	4	2	2	2	1	3	3	1	2	1	2	4	2	4	1	3	1	3
ASV_1671	4	1	0	0	4	11	5	1	0	0	3	1	2	1	3	0	4	1
ASV_1744	1	1	3	2	3	5	3	2	3	3	1	2	2	1	3	3	0	3
ASV_657	0	1	0	3	4	2	1	3	2	7	5	1	3	1	0	4	1	3
ASV_758	0	0	3	0	32	1	0	1	0	1	0	0	0	0	0	1	0	2
ASV_767	1	1	2	2	5	3	3	3	2	1	6	0	1	2	2	3	1	3
ASV_825	7	1	3	0	5	3	1	4	0	4	1	2	2	1	2	0	3	2
ASV_911	3	1	1	0	3	1	2	0	4	2	5	4	6	3	2	2	1	1
ASV_1024	0	2	1	0	0	0	2	0	2	4	2	2	0	3	0	22	0	0
ASV_1128	0	2	1	1	1	3	5	2	2	2	2	3	2	5	4	3	1	1
ASV_1280	1	0	0	1	0	0	7	5	1	0	3	2	0	1	3	7	3	6
ASV_1419	0	1	1	3	0	3	4	3	2	2	3	2	1	2	2	2	2	7
ASV_1557	1	6	3	3	1	3	3	3	1	1	2	3	4	0	2	0	2	2
ASV_1697	1	1	1	0	1	1	9	2	2	0	3	3	4	4	4	2	1	1
ASV_609	3	2	0	5	5	0	1	2	0	2	3	2	3	6	1	2	2	1
ASV_682	1	3	3	0	2	1	1	3	2	2	1	4	3	4	5	1	2	2
ASV_685	3	3	3	3	1	0	1	4	0	1	4	6	4	0	1	2	0	4
ASV_691	3	1	1	7	0	3	0	0	8	2	0	0	4	1	1	1	8	0
ASV_697	0	0	0	20	0	20	0	0	0	0	0	0	0	0	0	0	0	0
ASV_707	2	1	0	3	3	2	3	7	2	5	2	1	2	1	3	0	1	2
ASV_727	3	0	0	0	0	0	23	0	4	8	0	2	0	0	0	0	0	0
ASV_729	2	0	0	2	0	5	0	3	1	0	1	2	0	7	17	0	0	0
ASV_731	2	0	6	2	5	3	1	2	2	2	1	0	0	3	2	3	5	1
ASV_770	4	3	0	0	0	6	4	2	0	1	0	5	2	0	2	3	8	0
ASV_778	4	4	3	3	5	6	0	2	0	1	1	3	1	1	2	1	1	2
ASV_838	2	0	0	0	0	2	9	0	7	6	2	0	0	6	4	0	0	2
ASV_916	2	0	0	1	0	5	1	3	3	0	1	1	1	0	8	2	12	0
ASV_1056	0	3	0	0	1	1	3	11	4	4	1	3	2	2	0	2	1	1
ASV_1076	0	0	0	0	0	4	5	4	2	0	4	2	8	3	4	0	0	3
ASV_1145	1	1	1	1	0	2	4	5	9	0	2	6	2	0	5	0	0	0
ASV_1213	3	1	0	0	0	0	4	2	1	3	3	2	8	5	3	2	1	1
ASV_1224	5	1	0	3	0	2	2	2	1	2	3	3	1	2	2	0	5	5
ASV_1528	4	2	1	1	0	2	4	3	3	2	3	2	1	1	1	2	0	7
ASV_1583	0	1	2	5	7	3	2	5	0	1	1	0	1	1	5	1	2	2
ASV_1768	2	2	2	0	5	5	0	3	1	0	4	0	4	2	3	1	3	2
ASV_614	3	0	2	5	3	3	1	2	2	3	2	1	1	3	3	1	1	3
ASV_627	3	0	1	1	0	0	4	1	3	3	3	2	3	1	4	7	3	0
ASV_651	1	2	0	4	0	6	2	4	2	3	4	4	0	2	3	1	1	0
ASV_764	1	4	4	7	5	3	0	3	1	0	1	3	0	4	0	0	1	2
ASV_785	1	0	0	15	0	0	0	20	0	2	0	1	0	0	0	0	0	0
ASV_792	1	3	1	1	0	4	4	3	3	2	3	4	1	2	3	0	2	2
ASV_793	1	5	2	1	1	3	1	0	0	6	2	2	4	4	1	1	1	4
ASV_819	6	1	8	0	1	0	0	11	0	0	0	4	0	0	6	1	0	1
ASV_833	2	2	0	3	1	1	5	0	4	7	0	2	0	0	4	1	4	3
ASV_889	2	5	5	1	3	3	2	3	1	1	2	0	0	1	5	1	1	3
ASV_902	1	8	3	2	2	3	3	0	0	1	2	3	0	0	5	4	0	2
ASV_915	3	2	5	2	3	2	4	1	3	1	2	1	3	1	0	1	2	3
ASV_979	0	0	0	0	0	2	0	0	0	3	18	1	1	0	0	7	6	1
ASV_1015	1	1	2	3	0	1	14	2	2	0	2	7	1	1	0	1	0	0
ASV_1096	1	1	1	1	4	3	5	1	4	3	1	4	2	0	3	1	0	3
ASV_1135	2	5	2	3	0	6	5	0	1	0	3	1	1	1	2	0	1	5
ASV_1194	1	4	1	3	0	5	6	3	0	0	1	3	3	1	1	1	3	2
ASV_1240	0	1	0	0	0	0	6	8	5	1	3	4	2	4	3	0	1	0
ASV_1326	1	0	6	0	1	0	3	3	0	2	3	5	1	2	3	3	3	2
ASV_1588	2	1	1	2	1	3	5	3	6	2	2	2	1	2	1	2	2	0
ASV_653	1	5	1	0	0	2	3	2	3	3	1	5	1	1	3	2	0	5
ASV_655	0	2	0	2	1	2	1	0	1	1	2	0	1	2	6	0	14	3
ASV_703	2	1	1	1	5	2	2	1	2	1	1	1	6	0	3	3	3	3
ASV_709	1	2	0	0	3	1	0	4	1	5	2	0	10	2	3	1	1	2
ASV_722	3	4	1	1	1	2	1	1	3	3	2	0	6	2	2	2	3	1
ASV_751	2	7	4	2	1	0	3	1	3	2	0	1	5	1	3	2	0	1
ASV_806	6	4	1	0	0	7	0	1	3	0	5	2	1	5	0	0	0	3
ASV_1038	6	3	0	3	0	4	6	2	2	2	0	1	1	2	3	0	0	2
ASV_1050	3	3	2	0	0	2	3	1	1	3	0	3	1	6	0	2	2	5
ASV_1137	0	4	1	1	7	3	2	1	0	2	1	2	1	0	4	1	2	5
ASV_1642	1	4	2	0	0	0	2	3	2	0	2	4	2	0	0	0	13	2
ASV_1707	2	7	3	1	0	1	4	7	1	1	1	1	3	0	0	3	1	1
ASV_631	1	1	1	2	1	0	2	3	3	3	2	3	0	6	2	3	0	4
ASV_663	3	3	1	2	0	1	4	2	2	3	0	5	2	1	1	0	6	1
ASV_668	2	1	0	0	1	0	2	2	0	1	2	3	0	6	3	8	5	1
ASV_669	2	4	2	3	3	1	1	3	1	0	2	5	2	1	3	1	1	2
ASV_699	5	3	3	1	0	0	2	2	1	2	5	1	1	1	5	2	0	3
ASV_720	0	0	0	0	0	2	2	3	5	0	19	0	1	0	1	2	1	1
ASV_724	3	4	4	1	1	1	4	1	0	0	1	2	2	1	2	2	2	6
ASV_726	2	4	0	1	0	0	2	3	3	3	1	1	3	2	5	2	2	3
ASV_739	2	3	1	3	0	12	1	1	1	1	1	2	0	0	4	3	1	1
ASV_756	1	4	3	6	1	1	2	0	3	6	1	2	4	0	2	1	0	0
ASV_796	2	3	1	2	0	0	5	2	0	2	0	4	1	0	0	13	0	2
ASV_821	5	4	1	1	1	1	0	2	0	2	3	2	4	2	3	2	2	2
ASV_861	0	2	1	3	1	4	2	3	1	1	5	4	3	0	2	1	4	0
ASV_907	1	1	1	0	1	0	12	0	5	1	0	5	3	2	2	1	0	2
ASV_922	6	4	0	0	0	0	3	3	1	15	1	0	0	0	1	3	0	0
ASV_1064	1	3	2	3	6	4	0	2	1	1	5	3	2	0	0	0	1	2
ASV_1104	1	10	0	1	0	0	1	3	2	2	2	0	4	1	5	1	1	2
ASV_1168	1	3	0	1	2	1	2	2	2	5	3	2	2	0	2	1	6	1
ASV_1285	4	3	3	2	1	0	4	1	0	1	1	1	1	1	2	1	6	4
ASV_1286	2	2	0	5	0	5	4	1	1	3	0	3	1	2	3	1	2	1
ASV_1536	1	2	0	1	3	1	4	1	0	0	4	8	2	0	3	1	1	4
ASV_1683	2	2	5	0	1	2	2	1	7	0	3	0	2	0	2	7	0	0
ASV_721	1	5	0	1	3	3	0	1	2	1	5	2	2	5	1	0	2	2
ASV_728	6	2	2	2	1	2	2	4	3	1	1	2	1	0	1	2	1	3
ASV_735	0	0	0	0	0	0	0	1	0	0	0	1	4	0	0	28	2	0
ASV_740	3	0	4	1	2	1	2	1	3	0	4	3	1	0	2	2	2	5
ASV_748	3	2	3	4	0	7	0	1	1	3	4	2	1	1	1	2	1	0
ASV_779	2	0	0	4	1	4	1	2	4	3	1	2	2	1	3	3	1	2
ASV_799	3	0	0	0	0	0	13	0	1	17	0	2	0	0	0	0	0	0
ASV_807	1	2	0	5	0	1	1	6	6	0	2	3	1	1	0	3	2	2
ASV_808	2	2	10	1	0	2	3	1	1	1	2	0	0	0	4	0	3	4
ASV_817	1	4	2	2	4	3	1	2	1	2	0	5	1	0	0	1	6	1
ASV_851	2	0	1	4	2	1	0	1	1	3	2	1	4	3	1	3	5	2
ASV_912	1	1	1	0	1	5	3	2	1	1	1	7	3	1	2	1	3	2
ASV_938	1	2	1	4	3	6	4	2	1	2	0	1	3	2	1	2	1	0
ASV_957	2	5	1	2	2	3	0	3	2	0	3	2	1	3	1	1	3	2
ASV_981	1	0	0	0	0	0	8	3	3	3	2	4	2	3	4	0	1	2
ASV_999	2	1	2	0	0	0	3	7	2	3	1	2	2	1	5	1	2	2
ASV_1065	0	2	1	3	0	2	1	6	2	1	3	2	2	3	2	1	2	2
ASV_1161	3	1	1	0	1	2	2	2	2	3	2	4	1	0	4	4	2	1
ASV_1235	1	4	1	1	3	0	2	3	2	1	2	4	1	1	2	2	3	2
ASV_1259	2	1	0	4	1	1	2	2	1	1	5	1	1	7	2	1	1	2
ASV_1360	1	9	0	1	7	3	2	0	2	2	1	1	0	0	0	0	0	6
ASV_1369	1	0	3	2	0	2	0	1	5	1	3	0	3	1	2	4	2	5
ASV_1396	2	0	3	1	0	1	6	4	2	5	1	1	1	1	3	1	1	2
ASV_1533	2	0	0	1	2	0	6	2	0	1	1	5	6	3	2	3	1	0
ASV_1570	3	2	1	0	0	1	6	1	2	0	4	7	1	0	3	2	0	2
ASV_1648	2	1	1	0	0	3	3	0	2	1	4	3	5	5	0	3	0	2
ASV_1733	1	3	3	4	1	0	1	1	1	3	3	3	1	1	3	4	2	0
ASV_755	1	2	2	0	0	0	2	1	2	1	5	2	1	1	4	10	0	1
ASV_760	0	0	0	0	0	0	1	4	2	6	4	3	2	3	4	2	0	4
ASV_769	4	0	3	3	3	0	1	3	3	1	3	0	2	3	0	3	3	0
ASV_774	1	4	0	2	2	0	3	3	2	2	3	0	4	3	1	1	1	3
ASV_789	1	0	0	0	0	3	2	0	2	4	6	2	1	0	6	2	6	0
ASV_803	1	5	1	2	1	1	4	2	0	4	2	0	2	2	1	5	0	2
ASV_816	1	2	1	5	2	4	4	3	2	3	1	2	0	1	1	1	1	1
ASV_874	1	4	3	1	0	4	4	2	2	0	3	1	2	1	1	2	2	2
ASV_895	1	5	2	2	1	1	4	1	4	2	2	1	2	2	0	4	1	0
ASV_898	0	3	0	0	1	1	2	4	4	0	2	4	0	2	2	3	5	2
ASV_963	0	2	2	0	4	5	5	1	4	0	3	3	2	0	2	1	0	1
ASV_1017	1	0	1	1	2	1	2	4	4	3	4	2	1	1	1	1	2	3
ASV_1058	0	2	1	5	0	2	2	2	2	2	1	3	0	1	2	3	4	2
ASV_1109	4	1	1	3	1	1	0	2	2	2	4	0	2	0	1	3	3	4
ASV_1397	1	1	1	0	0	0	4	9	3	1	0	3	2	1	4	0	1	3
ASV_1402	1	1	2	0	1	0	12	1	1	1	1	5	2	1	0	2	3	0
ASV_1473	0	5	1	1	0	4	5	1	4	0	0	3	3	2	4	0	1	0
ASV_1534	2	1	1	3	4	1	2	0	2	1	4	2	1	3	0	1	3	3
ASV_750	1	1	0	0	0	0	6	1	2	4	4	1	1	6	1	4	1	1
ASV_824	2	1	0	0	5	1	1	2	2	3	1	3	3	4	1	4	1	0
ASV_828	1	2	1	1	3	1	0	3	0	2	3	1	3	3	1	1	4	4
ASV_923	3	0	1	4	4	2	0	2	3	2	1	2	0	1	1	0	5	3
ASV_948	3	2	0	4	0	1	1	4	2	0	0	1	2	2	2	4	6	0
ASV_1013	1	1	4	5	2	0	3	5	1	1	2	0	1	0	1	4	0	2
ASV_1014	2	0	2	0	0	0	3	2	7	1	3	0	4	0	1	4	3	1
ASV_1103	4	3	0	1	1	1	3	1	2	1	2	4	2	0	1	1	3	3
ASV_1110	2	0	2	0	1	2	1	3	2	0	5	3	1	0	1	7	2	1
ASV_1116	0	6	0	0	1	0	2	6	3	1	1	4	1	0	2	2	0	4
ASV_1184	2	2	1	2	0	3	5	0	3	1	1	2	1	1	3	4	2	0
ASV_1209	2	1	0	2	0	4	4	2	2	1	4	3	3	2	1	2	0	0
ASV_1289	1	0	0	2	2	3	1	1	4	0	4	1	2	3	5	3	0	1
ASV_1347	6	1	0	2	1	0	5	1	0	1	3	4	1	2	2	2	1	1
ASV_1410	0	4	1	2	1	0	3	2	4	2	1	2	2	0	2	2	1	4
ASV_1451	2	3	2	2	0	1	3	1	2	1	0	3	0	4	2	2	1	4
ASV_1527	1	1	0	0	0	1	3	20	0	5	1	0	0	0	0	1	0	0
ASV_719	0	0	23	0	1	0	0	2	0	0	2	2	0	1	0	0	0	2
ASV_747	1	2	2	3	3	1	1	4	2	1	3	1	4	0	4	0	0	1
ASV_818	7	2	3	0	0	1	9	0	2	2	1	1	1	1	1	1	1	0
ASV_841	3	1	0	3	2	2	1	2	4	0	2	2	1	4	4	1	1	0
ASV_872	2	3	2	1	0	3	1	4	4	4	0	2	4	0	3	0	0	0
ASV_896	0	6	1	0	8	0	1	1	0	0	2	3	0	6	0	1	3	1
ASV_926	1	2	1	1	2	1	2	1	0	2	1	2	2	1	7	0	5	2
ASV_956	2	1	3	4	3	1	1	3	0	3	1	1	0	0	3	4	3	0
ASV_960	0	4	0	0	3	0	2	5	3	2	5	1	5	1	1	0	1	0
ASV_1026	7	0	0	0	0	0	1	2	0	1	0	8	10	0	2	0	0	1
ASV_1028	1	3	2	1	10	4	0	1	2	1	0	0	1	1	1	1	2	1
ASV_1043	1	2	3	2	1	0	5	4	1	1	2	2	3	0	1	0	0	4
ASV_1059	1	1	0	2	1	0	2	2	4	0	6	5	2	0	3	0	1	2
ASV_1063	0	2	1	0	0	0	2	6	1	3	1	4	1	1	3	0	2	5
ASV_1180	1	1	0	0	2	0	0	3	4	1	3	2	2	6	4	0	0	3
ASV_1217	2	0	1	2	4	4	1	1	3	1	1	3	1	1	3	1	1	2
ASV_1226	7	4	4	0	0	0	0	0	5	1	0	3	3	0	0	0	5	0
ASV_1251	1	3	5	2	0	0	1	4	2	1	2	1	2	1	4	1	1	1
ASV_1365	4	4	1	2	2	3	0	4	3	0	0	1	1	3	1	1	0	2
ASV_1438	4	1	0	3	1	4	1	0	3	2	2	3	2	3	1	0	0	2
ASV_1515	1	0	2	0	4	0	2	1	1	0	0	1	0	0	13	0	4	3
ASV_1551	2	1	0	0	0	2	4	2	0	0	3	1	0	1	8	0	8	0
ASV_1626	1	0	0	2	0	1	13	4	0	0	4	1	1	0	3	1	1	0
ASV_1652	2	1	6	2	1	1	3	2	3	0	3	0	2	1	0	2	2	1
ASV_1724	1	3	1	1	0	1	1	1	1	4	2	2	3	3	3	1	0	4
ASV_1735	0	0	8	0	1	1	1	2	0	3	0	0	5	2	4	3	2	0
ASV_1769	1	3	2	0	0	3	9	2	2	1	0	4	0	0	1	1	2	1
ASV_788	1	0	0	1	8	0	2	4	1	3	10	0	0	0	0	1	1	0
ASV_802	2	0	6	1	5	2	3	1	0	4	4	1	0	0	0	1	0	2
ASV_822	1	4	2	3	1	1	1	2	3	4	2	1	2	0	1	1	1	2
ASV_852	1	4	1	0	0	0	5	6	1	2	1	0	3	0	0	4	0	4
ASV_853	2	0	0	1	2	2	3	2	3	0	4	2	3	2	0	2	3	1
ASV_869	0	0	1	0	0	14	5	0	1	1	2	1	4	1	0	2	0	0
ASV_884	2	4	0	1	1	4	2	0	1	2	4	2	1	1	1	1	1	4
ASV_917	2	0	0	0	0	20	1	5	1	0	0	2	0	1	0	0	0	0
ASV_927	1	3	0	2	0	2	4	2	0	3	1	4	3	2	2	2	0	1
ASV_947	3	0	0	1	0	1	3	2	1	2	6	5	2	1	0	2	0	3
ASV_1008	3	5	0	1	0	1	4	0	4	0	2	1	2	2	0	4	0	2
ASV_1009	0	9	1	1	4	2	0	1	1	6	1	1	2	0	0	0	2	0
ASV_1030	1	0	0	0	6	0	1	2	3	4	2	2	1	0	2	0	0	7
ASV_1034	4	5	0	4	1	2	0	1	1	1	1	3	1	1	2	1	1	2
ASV_1057	2	4	0	1	2	1	0	3	0	3	1	0	1	2	1	3	4	3
ASV_1069	1	2	3	3	2	1	1	2	0	1	1	1	1	4	5	2	0	1
ASV_1084	0	0	2	0	0	0	0	12	3	2	0	0	1	2	2	0	0	7
ASV_1091	2	4	0	2	0	14	1	0	1	3	1	0	1	0	1	0	1	0
ASV_1200	1	2	3	2	0	1	5	2	1	2	4	1	1	1	1	0	4	0
ASV_1298	2	2	1	1	0	0	5	3	3	4	1	3	0	1	1	1	1	2
ASV_1325	2	1	2	2	0	2	3	0	1	1	1	1	1	3	2	2	3	4
ASV_1337	1	0	0	0	2	1	1	0	1	2	4	0	2	1	5	4	2	5
ASV_1358	4	1	1	0	1	0	6	0	2	2	4	3	1	2	1	1	1	1
ASV_1517	2	0	0	0	2	1	2	1	1	1	0	0	16	0	0	2	1	2
ASV_1655	2	0	0	3	2	4	2	1	1	0	4	3	2	1	1	1	3	1
ASV_1661	2	2	0	2	0	4	2	1	3	1	2	2	1	0	1	2	2	4
ASV_1684	3	2	1	0	1	1	6	1	0	4	0	2	1	0	2	6	1	0
ASV_1713	1	4	2	3	1	0	0	3	0	0	4	2	3	0	5	2	0	1
ASV_1740	2	4	4	1	0	0	0	1	0	0	0	1	3	2	6	4	3	0
ASV_1745	1	1	1	2	4	5	5	1	1	1	2	1	2	0	0	3	0	1
ASV_759	1	0	0	8	1	6	1	1	1	1	1	1	0	0	0	6	3	0
ASV_775	1	3	1	3	0	0	2	2	1	1	4	2	0	3	2	1	1	4
ASV_777	3	2	1	2	0	1	3	2	0	2	1	2	2	1	3	1	4	1
ASV_787	0	0	0	3	2	0	0	1	1	1	4	4	4	3	2	2	0	4
ASV_809	0	4	0	0	2	2	1	2	3	3	3	2	1	0	0	0	8	0
ASV_827	6	3	2	0	1	0	5	2	2	1	1	1	3	2	0	1	1	0
ASV_831	1	1	28	0	0	0	0	0	0	0	0	1	0	0	0	0	0	0
ASV_839	1	5	1	1	0	2	2	5	1	2	2	1	1	1	1	1	3	1
ASV_844	4	2	2	2	0	1	3	1	0	2	2	4	3	1	3	0	0	1
ASV_857	2	2	7	0	1	2	1	0	2	3	3	2	2	1	1	0	0	2
ASV_873	3	0	0	2	0	1	1	1	5	2	0	3	2	4	2	1	0	4
ASV_887	3	2	0	0	1	3	0	1	1	0	3	0	1	6	6	3	0	1
ASV_918	2	4	0	1	2	3	2	0	1	2	2	2	0	2	4	2	1	1
ASV_939	1	0	0	1	0	3	2	5	1	1	5	2	4	0	2	0	3	1
ASV_954	2	1	1	2	1	1	1	0	2	3	2	3	1	1	2	1	6	1
ASV_1087	1	1	0	0	1	0	1	7	1	0	0	1	1	1	1	7	0	7
ASV_1094	3	2	0	6	6	2	0	0	0	0	1	2	4	2	0	0	1	1
ASV_1131	0	0	3	1	0	0	1	0	3	4	4	4	1	2	5	0	1	1
ASV_1144	0	0	0	1	0	1	6	1	2	1	4	1	4	2	5	1	0	1
ASV_1147	0	0	0	0	0	0	1	0	0	0	21	0	0	0	0	0	3	5
ASV_1158	1	0	1	0	0	2	1	1	0	3	2	4	5	2	3	0	4	1
ASV_1190	0	3	0	0	1	2	1	2	3	2	1	6	2	2	0	3	2	0
ASV_1207	1	0	1	0	1	2	1	2	4	5	2	3	1	0	1	1	4	1
ASV_1374	2	2	1	1	0	0	5	2	2	1	0	5	1	1	3	2	1	1
ASV_1543	4	1	2	1	0	0	2	1	4	1	4	2	1	2	1	0	1	3
ASV_1584	0	3	1	2	1	0	2	4	0	2	2	2	2	1	4	3	0	1
ASV_1676	4	3	4	1	0	1	1	3	3	3	1	3	0	0	1	2	0	0
ASV_820	2	5	0	1	1	4	2	0	3	1	0	2	0	0	3	3	0	3
ASV_834	2	1	2	1	2	2	1	0	4	3	3	0	1	1	0	2	1	4
ASV_876	2	4	2	0	2	0	2	1	0	0	2	5	1	1	4	2	1	1
ASV_881	6	2	14	0	0	0	0	0	0	0	1	1	2	2	0	0	2	0
ASV_886	2	2	1	7	1	1	2	2	0	2	2	0	3	1	0	0	2	2
ASV_931	0	2	0	2	0	3	1	3	1	1	2	3	3	0	2	1	2	4
ASV_959	1	4	1	1	0	1	4	2	5	2	2	0	0	2	3	0	1	1
ASV_975	2	0	1	2	0	1	3	2	4	3	1	1	4	2	1	1	0	2
ASV_984	1	0	1	0	0	3	4	2	0	3	5	5	1	0	1	2	2	0
ASV_1066	0	1	0	2	3	1	4	0	0	1	2	3	0	3	4	2	2	1
ASV_1085	0	0	0	0	0	0	2	0	0	1	0	0	0	0	0	25	1	0
ASV_1108	4	1	0	0	1	4	3	2	1	2	0	4	3	1	0	0	1	2
ASV_1113	2	0	3	0	1	1	3	0	1	2	2	5	3	2	2	2	0	0
ASV_1163	4	4	0	1	0	1	3	3	0	2	3	2	0	2	3	0	1	0
ASV_1177	3	1	0	2	3	0	2	1	2	0	2	2	1	2	1	4	0	3
ASV_1299	3	1	1	2	1	1	0	1	0	1	1	3	2	1	4	4	0	3
ASV_1302	1	1	0	1	1	2	3	2	2	0	3	2	2	5	2	0	1	1
ASV_1305	0	1	0	0	0	1	3	4	2	1	1	5	0	3	2	2	3	1
ASV_1363	5	0	1	1	0	0	2	0	2	4	4	1	2	1	1	0	1	4
ASV_1494	3	0	3	0	1	2	2	1	2	2	2	2	2	0	3	1	3	0
ASV_689	1	3	5	2	3	0	4	0	1	0	2	2	1	1	0	2	1	1
ASV_780	1	0	0	3	1	0	3	3	2	4	0	0	3	4	1	0	3	1
ASV_813	3	0	0	1	1	0	4	12	0	2	0	6	0	0	0	0	0	0
ASV_823	5	0	1	1	2	0	2	1	1	1	4	2	1	1	3	0	2	2
ASV_832	0	3	0	1	1	1	1	1	2	0	1	1	4	1	2	2	7	1
ASV_835	0	3	0	1	6	3	0	6	2	1	2	0	0	0	1	2	2	0
ASV_883	1	0	0	2	0	0	3	1	2	1	0	2	4	3	3	2	3	2
ASV_900	1	2	1	0	0	0	3	3	2	2	2	2	0	2	4	2	1	2
ASV_901	0	1	0	1	0	0	6	0	0	1	1	0	1	3	1	4	4	6
ASV_933	1	2	1	2	0	0	0	0	1	2	4	7	2	1	5	0	0	1
ASV_942	0	0	0	0	0	0	0	0	0	0	0	0	0	0	29	0	0	0
ASV_973	0	1	0	1	5	0	1	0	3	1	0	0	3	6	0	2	5	1
ASV_1012	0	0	2	9	0	1	1	2	3	3	0	2	0	0	0	0	1	4
ASV_1039	1	14	0	0	7	1	1	2	2	0	0	0	0	0	0	0	0	0
ASV_1040	1	2	1	1	3	4	1	1	2	1	1	2	0	2	2	2	2	0
ASV_1070	0	1	2	5	2	0	0	4	1	1	1	1	0	1	2	3	1	3
ASV_1079	3	1	0	0	0	2	5	1	2	1	2	2	0	2	2	1	2	2
ASV_1097	3	4	2	2	1	4	0	1	1	2	0	0	1	2	2	3	0	0
ASV_1111	3	1	4	1	1	3	1	5	1	1	3	1	0	1	0	1	0	1
ASV_1152	3	1	1	0	1	0	3	0	2	2	2	2	3	1	0	2	3	2
ASV_1182	4	2	2	1	5	2	1	0	0	2	1	4	0	1	1	0	2	0
ASV_1188	0	6	0	0	4	0	0	0	3	2	2	2	2	0	4	1	0	2
ASV_1223	1	3	2	1	2	1	1	1	1	0	2	2	3	2	2	4	0	0
ASV_1242	0	2	0	3	0	0	5	3	3	2	2	1	1	0	1	4	1	0
ASV_1252	0	0	2	0	2	2	0	3	0	0	2	1	1	2	2	1	2	8
ASV_1306	0	2	0	0	4	3	1	3	0	0	1	3	0	3	4	2	0	2
ASV_1345	1	0	0	0	0	0	0	2	2	1	1	9	2	1	4	3	0	2
ASV_1418	0	0	5	0	0	3	1	1	0	1	2	3	2	0	2	2	5	1
ASV_1444	2	0	0	0	4	1	0	0	0	0	0	5	1	1	0	4	6	4
ASV_1546	2	1	2	1	0	2	2	0	1	1	0	1	0	1	2	7	3	2
ASV_1625	1	2	0	0	2	9	5	1	0	1	2	3	0	1	0	1	0	0
ASV_1748	1	0	0	1	2	1	4	4	4	2	3	0	0	0	3	0	0	3
ASV_773	2	2	3	2	0	0	2	2	3	2	0	0	1	1	4	2	0	2
ASV_811	0	2	0	2	0	1	1	1	2	3	3	2	1	2	2	1	2	3
ASV_935	0	2	4	1	0	2	1	1	2	2	1	2	1	0	2	3	1	3
ASV_1023	0	0	0	0	0	0	2	2	5	2	0	2	5	3	3	1	1	1
ASV_1035	1	0	1	0	4	3	0	1	1	2	1	4	1	2	1	2	2	1
ASV_1045	3	1	4	3	5	0	0	2	0	2	1	2	0	1	0	2	0	1
ASV_1072	0	0	0	4	0	0	4	4	2	1	2	2	2	0	4	1	0	1
ASV_1083	0	1	0	0	0	0	0	5	2	2	2	1	2	2	3	1	2	4
ASV_1092	2	3	2	0	0	1	2	0	0	1	5	1	0	1	1	2	5	1
ASV_1183	3	1	2	1	0	2	1	2	0	2	1	4	0	2	0	1	4	1
ASV_1198	2	0	5	2	0	1	2	2	0	0	3	0	0	2	3	0	0	5
ASV_1313	2	3	5	5	1	0	0	1	0	0	2	1	0	0	0	4	1	2
ASV_1351	1	4	4	0	0	0	3	0	3	1	1	1	1	2	2	2	0	2
ASV_1356	1	2	4	0	0	1	5	2	0	2	1	2	2	2	1	0	1	1
ASV_1412	0	0	1	0	1	2	0	9	2	1	0	0	4	7	0	0	0	0
ASV_1423	1	2	1	0	0	0	1	3	1	3	1	2	0	0	4	6	0	2
ASV_1434	3	2	3	2	0	1	2	2	0	3	3	1	0	2	0	1	0	2
ASV_1441	2	0	0	0	2	4	1	2	6	3	1	0	2	1	1	1	1	0
ASV_1503	1	2	0	1	0	1	3	0	2	1	4	2	1	1	3	1	2	2
ASV_1509	0	1	1	0	3	1	2	3	2	4	3	0	4	0	3	0	0	0
ASV_1601	0	1	1	1	2	1	3	1	1	2	3	2	0	2	2	1	2	2
ASV_1681	1	4	1	0	1	3	3	1	0	0	1	1	2	0	4	2	1	2
ASV_1696	0	5	1	1	1	1	1	2	0	1	3	3	0	1	0	0	4	3
ASV_1708	2	5	0	2	1	2	3	0	1	3	1	1	0	2	1	2	1	0
ASV_1719	1	2	1	2	0	2	1	2	0	1	3	2	0	2	3	2	2	1
ASV_812	0	0	7	4	3	1	0	0	0	0	1	1	1	6	0	0	3	0
ASV_879	1	1	1	3	0	7	3	0	0	1	4	2	0	1	0	1	1	1
ASV_951	2	3	0	2	9	2	1	0	2	0	1	0	0	2	0	1	0	2
ASV_958	1	1	1	0	3	0	2	2	2	2	1	3	0	3	0	1	4	1
ASV_976	0	0	0	4	0	17	1	0	0	0	1	1	0	0	1	1	0	1
ASV_980	2	0	2	1	0	1	1	1	0	3	0	11	1	0	0	0	0	4
ASV_990	1	1	1	1	0	3	3	1	1	1	0	2	2	2	3	3	0	2
ASV_1001	3	1	0	0	0	3	3	3	0	1	1	2	1	0	3	4	0	1
ASV_1003	0	2	1	6	0	0	0	1	1	0	1	2	2	1	8	0	0	1
ASV_1029	2	0	0	0	0	1	1	2	0	1	8	6	2	0	2	1	0	0
ASV_1048	1	0	5	0	1	3	2	0	1	0	3	4	0	1	1	2	2	0
ASV_1052	2	4	0	0	13	1	1	0	0	1	1	1	0	0	0	1	0	1
ASV_1060	4	4	1	2	7	3	0	0	0	1	1	0	0	1	0	0	0	2
ASV_1074	0	0	2	0	3	0	3	1	1	0	6	1	0	0	2	0	4	3
ASV_1098	2	2	0	1	0	1	0	2	1	1	1	2	4	2	2	0	2	3
ASV_1100	1	1	1	1	1	1	1	1	1	3	2	1	1	2	0	0	6	2
ASV_1132	2	0	2	0	1	1	6	0	0	0	2	1	3	1	1	2	0	4
ASV_1195	0	0	3	1	3	5	2	2	2	0	2	0	1	2	0	1	1	1
ASV_1196	1	1	1	3	2	1	3	1	0	0	3	0	0	1	1	3	3	2
ASV_1228	2	4	0	0	0	3	4	1	3	1	1	0	0	0	0	3	2	2
ASV_1236	0	1	1	2	5	2	4	2	1	1	0	3	1	0	0	1	1	1
ASV_1269	2	1	0	0	0	0	1	1	1	2	0	3	0	1	0	0	3	11
ASV_1279	2	1	0	1	1	1	2	1	6	0	0	3	0	3	1	4	0	0
ASV_1383	0	15	0	0	0	0	0	0	0	0	0	0	0	0	0	0	0	11
ASV_1394	1	0	1	0	2	0	1	4	1	3	3	2	1	5	0	0	2	0
ASV_1448	1	4	3	0	1	2	0	2	2	2	2	3	0	0	1	0	1	2
ASV_1453	6	0	0	0	14	0	0	0	1	1	0	0	3	0	0	0	1	0
ASV_1510	2	2	1	0	1	2	1	1	1	0	0	2	4	1	3	2	2	1
ASV_1619	1	0	0	1	3	0	2	0	2	3	0	3	3	0	2	6	0	0
ASV_1636	3	1	0	1	0	0	1	4	1	0	1	1	3	4	3	2	0	1
ASV_1662	4	2	0	1	0	0	4	2	2	2	1	1	0	1	3	2	0	1
ASV_1746	3	1	0	1	0	1	2	2	0	1	1	2	2	2	0	2	1	5
ASV_1750	0	1	0	3	0	0	4	2	2	2	2	4	0	0	0	3	3	0
ASV_1793	2	1	0	1	0	0	2	1	0	0	1	0	0	0	0	16	0	2
ASV_866	1	0	0	1	1	1	4	2	1	2	3	4	0	2	2	1	0	1
ASV_885	2	1	2	1	0	3	1	1	0	2	3	0	2	1	2	0	1	4
ASV_934	0	0	1	0	4	0	3	4	1	0	3	1	3	2	2	0	1	1
ASV_977	0	0	1	0	2	0	1	6	2	0	2	1	1	4	1	0	4	1
ASV_978	0	0	0	0	0	0	2	2	1	0	6	0	3	3	2	0	5	2
ASV_982	3	6	0	1	0	5	0	0	0	0	0	1	1	0	4	3	1	1
ASV_994	3	2	0	1	0	1	4	2	0	1	2	3	1	1	3	0	1	1
ASV_998	1	4	1	0	4	4	0	2	1	0	0	0	3	3	0	0	2	1
ASV_1006	0	1	4	1	0	1	1	0	2	1	2	1	1	0	2	3	0	5
ASV_1010	0	1	0	4	3	2	0	1	3	2	2	1	2	1	0	2	1	0
ASV_1080	1	0	0	0	0	0	3	3	4	3	0	1	1	2	1	4	2	0
ASV_1114	1	0	0	1	6	1	0	2	0	0	1	7	2	0	0	3	0	1
ASV_1300	3	1	6	0	0	0	2	0	3	1	0	5	1	0	1	0	0	2
ASV_1324	1	0	6	1	1	0	1	0	0	3	5	2	0	2	0	3	0	0
ASV_1348	2	1	2	1	0	1	4	1	1	0	2	1	0	1	2	1	2	3
ASV_1367	10	2	1	0	2	0	1	1	4	0	0	1	0	0	1	1	1	0
ASV_1389	0	2	0	1	0	3	1	1	2	1	3	2	0	2	2	3	1	1
ASV_1391	0	2	2	0	1	4	2	1	2	0	3	0	0	2	2	2	1	1
ASV_1416	0	0	0	0	1	4	1	3	2	3	0	1	0	2	4	0	1	3
ASV_1477	1	1	0	2	1	2	1	2	2	1	4	1	1	1	1	1	1	2
ASV_1484	0	4	2	3	0	0	0	4	0	0	1	1	1	1	1	2	1	4
ASV_1610	1	1	0	1	0	2	4	3	1	4	0	0	2	2	1	3	0	0
ASV_1725	0	3	0	0	2	1	3	0	4	4	2	0	0	2	2	2	0	0
ASV_1738	0	1	4	0	4	1	0	3	3	1	4	1	0	1	0	0	0	2
ASV_1795	1	0	2	0	4	0	1	2	1	1	1	2	1	2	3	3	1	0
ASV_850	2	0	0	5	0	3	0	2	0	1	5	1	1	1	2	0	1	1
ASV_865	0	0	3	1	0	0	0	1	1	12	0	0	4	1	1	0	1	0
ASV_870	0	0	1	0	0	15	1	0	4	0	0	2	1	0	0	0	1	0
ASV_891	3	2	2	1	2	0	1	1	2	6	0	0	2	0	0	0	3	0
ASV_914	2	2	0	0	0	0	3	3	3	3	0	1	0	0	2	0	2	4
ASV_964	0	3	1	0	0	1	3	2	0	3	0	2	3	3	1	0	3	0
ASV_967	0	2	1	6	1	2	0	0	0	1	4	0	2	3	1	0	1	1
ASV_983	1	1	1	3	0	2	1	3	1	3	2	2	0	0	1	0	3	1
ASV_993	1	2	2	1	0	2	0	0	4	1	0	5	0	0	1	3	0	3
ASV_1000	1	1	3	0	0	2	1	1	3	1	2	0	0	0	1	1	4	3
ASV_1019	0	0	0	0	1	0	3	2	1	2	2	5	1	0	1	1	0	5
ASV_1031	1	1	0	0	0	0	9	1	0	1	2	1	3	0	0	1	1	3
ASV_1033	1	2	1	0	5	1	1	2	3	0	2	2	1	0	2	0	0	1
ASV_1047	2	0	0	1	0	0	4	0	1	2	0	1	3	3	3	3	0	1
ASV_1071	0	0	0	1	2	9	1	3	0	2	1	1	1	1	1	0	0	1
ASV_1077	0	0	0	0	0	2	0	1	9	0	2	0	1	0	5	3	0	1
ASV_1082	0	0	0	0	1	0	2	2	2	0	6	4	1	0	3	0	1	2
ASV_1088	4	0	1	2	0	2	1	0	1	4	0	3	1	1	3	1	0	0
ASV_1122	0	2	0	0	0	2	5	0	1	0	3	2	1	1	2	1	3	1
ASV_1123	0	1	1	0	0	0	2	1	5	0	2	6	0	1	0	3	2	0
ASV_1130	0	1	1	4	0	0	0	2	2	1	3	2	1	1	0	2	3	1
ASV_1140	0	1	3	5	3	2	0	0	1	0	2	0	0	0	2	2	2	1
ASV_1143	3	0	0	0	1	0	3	1	0	3	1	1	0	2	3	1	1	4
ASV_1159	1	1	0	0	0	0	2	3	3	2	1	0	2	1	1	4	2	1
ASV_1167	3	0	0	0	0	0	1	3	8	2	1	1	0	0	2	0	2	1
ASV_1169	2	2	0	3	3	0	1	4	0	1	0	1	1	3	0	2	0	1
ASV_1175	2	2	2	3	0	2	0	1	1	1	0	4	2	0	1	2	1	0
ASV_1201	0	0	24	0	0	0	0	0	0	0	0	0	0	0	0	0	0	0
ASV_1220	2	2	0	2	0	5	1	1	0	7	0	0	0	0	1	0	0	3
ASV_1283	1	0	1	0	4	0	1	3	0	3	3	0	1	1	4	0	1	1
ASV_1303	3	1	2	0	0	1	1	1	4	1	0	1	3	1	1	0	0	4
ASV_1308	0	5	1	1	2	0	2	1	1	0	3	4	1	3	0	0	0	0
ASV_1343	0	1	1	0	1	0	3	1	3	1	3	3	2	1	0	1	0	3
ASV_1398	0	0	2	1	1	1	2	1	1	1	1	7	0	2	0	1	1	2
ASV_1455	2	2	1	0	2	0	1	2	1	0	0	0	1	1	0	8	1	2
ASV_1462	0	1	3	1	0	4	1	1	3	1	1	5	0	0	2	0	0	1
ASV_1468	0	3	2	0	0	0	2	0	0	2	1	2	4	1	2	1	4	0
ASV_1552	3	0	1	1	0	1	1	6	4	3	1	1	0	1	1	0	0	0
ASV_1568	4	3	1	3	0	1	0	0	0	0	0	2	1	3	0	2	1	3
ASV_1580	2	2	2	0	0	2	2	4	1	0	1	2	2	1	1	1	0	1
ASV_1599	1	0	1	1	1	0	4	2	1	1	0	3	2	1	1	0	0	5
ASV_1670	1	6	2	1	0	0	3	2	1	1	1	2	0	0	1	1	2	0
ASV_1790	0	1	0	0	0	1	2	6	0	0	7	1	0	0	1	1	3	1
ASV_894	1	1	4	0	4	0	3	1	0	1	1	1	1	0	0	1	2	3
ASV_903	0	1	1	3	1	1	3	0	1	1	2	3	2	0	0	1	1	3
ASV_924	1	0	1	0	0	5	0	1	0	1	1	4	1	0	0	3	5	1
ASV_932	0	2	3	1	0	3	0	0	2	2	4	1	0	1	2	1	1	1
ASV_961	0	1	1	2	0	3	0	2	0	2	1	2	1	0	2	2	3	2
ASV_995	3	0	0	1	0	0	0	4	1	3	3	0	1	1	2	0	3	2
ASV_1022	0	0	0	0	0	0	23	0	0	0	0	0	0	0	0	0	0	0
ASV_1054	0	3	0	1	1	1	0	2	1	1	2	4	3	0	1	0	2	1
ASV_1055	0	1	2	6	2	0	3	0	0	1	1	1	1	1	2	2	0	0
ASV_1119	1	2	0	3	1	0	1	2	3	1	2	2	0	0	0	0	2	3
ASV_1172	1	0	1	2	0	2	2	2	0	0	3	0	4	0	1	4	1	0
ASV_1178	1	1	1	1	1	2	1	3	0	0	2	3	3	3	0	0	0	1
ASV_1181	5	2	0	0	0	0	1	1	0	2	1	2	0	1	4	2	0	2
ASV_1227	1	4	0	1	0	2	2	1	2	0	2	1	1	0	1	3	0	2
ASV_1238	1	3	0	0	1	2	2	4	3	0	0	0	1	3	1	1	0	1
ASV_1248	0	1	0	3	1	6	4	1	0	0	2	1	1	0	3	0	0	0
ASV_1271	3	0	0	0	0	2	0	2	0	1	1	2	3	1	1	5	0	2
ASV_1312	2	4	2	2	0	1	4	1	2	0	1	1	1	0	1	0	1	0
ASV_1335	0	0	1	0	4	3	1	5	1	0	3	2	0	1	0	1	0	1
ASV_1403	0	1	3	1	0	1	3	1	2	2	1	3	1	0	0	3	0	1
ASV_1405	0	1	1	0	0	0	2	0	0	0	0	1	1	5	1	3	3	5
ASV_1433	1	0	4	0	1	3	0	0	0	1	1	2	3	3	1	1	2	0
ASV_1489	1	2	0	0	0	1	0	3	1	3	0	11	0	0	1	0	0	0
ASV_1561	4	0	0	0	0	0	1	1	3	4	1	0	5	0	3	1	0	0
ASV_1620	0	1	0	0	1	0	0	3	1	3	1	1	2	3	2	1	1	3
ASV_1646	0	0	0	0	0	0	1	1	0	5	2	4	0	1	4	3	1	1
ASV_1666	1	1	1	1	0	0	2	5	2	1	1	1	1	1	0	0	4	1
ASV_1723	1	1	0	1	0	1	1	2	1	1	0	3	2	1	3	2	2	1
ASV_1765	1	1	0	1	12	1	0	0	0	0	1	1	1	0	1	0	0	3
ASV_849	2	1	2	4	5	2	0	1	0	1	0	0	0	0	1	0	2	2
ASV_878	1	4	0	0	0	1	2	3	0	1	0	0	2	0	7	1	0	1
ASV_909	2	1	1	0	5	4	2	0	1	0	0	1	0	2	0	0	0	4
ASV_970	0	0	1	1	0	0	4	1	0	3	2	2	5	0	2	0	0	2
ASV_1007	0	1	0	5	0	0	2	3	1	0	1	1	3	0	0	1	0	4
ASV_1037	1	1	0	0	1	0	0	1	0	0	1	0	1	0	0	13	1	2
ASV_1041	3	1	0	0	2	1	2	2	2	1	1	1	0	0	0	1	0	5
ASV_1095	9	1	0	0	0	0	0	3	0	0	2	1	1	0	0	1	4	0
ASV_1102	1	5	0	0	0	1	2	1	0	1	0	0	0	4	0	0	7	0
ASV_1106	1	2	0	2	0	1	0	1	0	0	1	3	1	2	1	2	0	5
ASV_1120	0	4	3	1	1	0	1	1	2	0	2	1	1	0	2	0	1	2
ASV_1136	0	1	2	0	0	0	2	2	2	0	1	1	1	0	5	0	2	3
ASV_1139	0	0	0	14	0	0	0	4	0	0	0	0	1	1	1	0	1	0
ASV_1156	1	0	1	0	0	0	1	0	0	2	3	5	2	2	1	1	2	1
ASV_1164	2	1	4	1	1	4	1	2	0	2	0	1	0	0	1	1	1	0
ASV_1170	1	3	1	1	0	2	0	2	3	1	2	2	1	0	0	3	0	0
ASV_1189	1	1	0	0	0	0	2	0	1	3	0	0	1	0	3	4	4	2
ASV_1206	1	1	0	0	0	0	0	3	3	2	3	0	1	3	1	1	1	2
ASV_1216	1	1	3	1	0	0	0	3	2	0	1	0	5	0	4	0	0	1
ASV_1222	3	0	1	0	0	0	4	2	0	2	1	4	0	1	0	1	2	1
ASV_1225	2	2	0	0	1	1	3	1	0	1	4	0	1	2	1	1	1	1
ASV_1255	0	0	2	1	2	1	7	1	1	0	0	1	0	2	1	1	2	0
ASV_1257	0	0	6	0	1	4	1	0	0	0	0	0	0	4	0	3	2	1
ASV_1261	0	0	0	1	0	1	0	3	2	3	0	0	1	1	5	1	3	1
ASV_1272	3	1	2	0	2	1	3	2	1	1	1	1	0	2	1	1	0	0
ASV_1290	2	0	0	1	0	0	1	0	1	1	0	2	2	5	2	3	2	0
ASV_1333	2	0	1	1	1	0	4	0	0	0	0	0	0	4	0	0	7	2
ASV_1414	0	1	0	1	2	0	3	2	0	2	1	0	1	4	1	2	2	0
ASV_1472	0	2	1	0	1	1	1	0	3	1	0	2	1	0	2	0	2	5
ASV_1518	0	0	0	0	0	2	2	2	4	0	1	1	3	2	0	1	2	2
ASV_1596	0	1	1	0	2	2	0	2	0	0	0	1	3	0	2	5	3	0
ASV_1603	2	0	1	0	1	0	3	1	2	2	1	4	1	0	1	3	0	0
ASV_1630	0	0	0	0	0	0	2	3	1	6	3	6	0	1	0	0	0	0
ASV_1685	1	0	1	3	1	3	0	0	2	1	0	5	0	1	0	0	2	2
ASV_1704	1	3	0	0	0	1	2	0	1	1	2	3	2	1	2	1	0	2
ASV_1705	1	1	0	1	0	2	0	2	2	1	1	1	1	2	1	1	4	1
ASV_1032	2	0	2	1	0	0	1	2	0	3	1	2	0	1	3	1	1	1
ASV_1042	5	2	0	0	1	1	0	0	2	0	1	1	4	0	2	0	0	2
ASV_1051	0	2	3	1	0	1	1	1	1	3	0	2	2	1	0	1	0	2
ASV_1090	1	5	0	2	0	0	1	0	0	3	3	0	2	1	2	0	0	1
ASV_1107	1	0	2	2	1	0	0	1	0	3	1	1	1	3	2	1	0	2
ASV_1138	1	0	0	2	0	0	2	2	2	3	3	2	1	0	0	2	0	1
ASV_1173	1	0	0	0	1	2	3	1	2	0	2	2	0	1	0	6	0	0
ASV_1197	0	0	2	0	2	1	1	2	0	1	1	0	5	1	2	1	1	1
ASV_1202	0	0	1	0	0	0	0	0	0	0	0	2	0	0	18	0	0	0
ASV_1212	2	0	0	0	0	0	0	0	4	2	0	4	1	0	0	1	0	7
ASV_1221	2	0	14	0	0	0	1	1	0	0	0	3	0	0	0	0	0	0
ASV_1253	1	0	2	0	3	1	3	1	1	0	0	0	3	2	0	2	1	1
ASV_1304	1	1	0	0	0	3	2	2	0	1	2	0	2	2	1	1	0	3
ASV_1338	0	0	1	1	0	4	2	2	0	0	2	2	3	0	0	2	1	1
ASV_1340	0	1	0	0	0	2	2	1	2	0	1	1	2	3	1	1	3	1
ASV_1364	1	1	1	0	1	1	0	2	1	2	1	0	2	0	1	1	2	4
ASV_1379	1	3	2	2	1	0	3	1	0	0	0	4	2	0	0	0	0	2
ASV_1386	1	2	3	2	3	2	0	1	0	0	1	1	1	2	0	1	1	0
ASV_1521	1	0	1	1	0	1	5	3	1	0	2	2	0	0	2	1	1	0
ASV_1531	1	3	1	1	1	1	0	2	0	0	1	1	2	0	2	4	1	0
ASV_1535	3	0	0	0	0	1	2	1	1	1	4	1	0	2	1	0	4	0
ASV_1548	4	1	1	3	0	3	0	2	0	2	2	0	0	0	2	0	1	0
ASV_1554	2	4	0	4	2	0	0	0	1	2	1	0	1	1	2	0	0	1
ASV_1573	0	2	1	3	0	2	2	2	1	1	0	1	0	0	3	2	1	0
ASV_1574	0	2	1	0	4	0	1	2	0	1	2	0	0	0	1	4	1	2
ASV_1600	0	0	3	2	0	0	3	0	2	0	0	6	0	1	2	1	1	0
ASV_1631	0	0	0	0	0	1	5	2	1	3	5	1	0	0	1	0	1	1
ASV_1689	1	0	6	1	0	0	1	2	1	0	4	0	0	0	2	1	2	0
ASV_1721	1	1	2	0	2	4	1	1	0	1	1	1	2	2	0	1	0	1
ASV_1727	2	2	3	1	0	0	0	1	3	1	0	0	3	3	1	0	0	1
ASV_1766	1	0	0	0	6	0	2	0	0	1	1	1	1	0	0	0	3	5
ASV_1792	1	0	0	1	0	1	5	2	1	0	4	1	0	1	0	2	1	1
ASV_1011	0	0	5	0	0	1	1	1	1	0	0	2	0	0	1	4	2	2
ASV_1061	0	1	2	1	6	0	0	0	1	1	0	1	2	4	1	0	0	0
ASV_1112	5	0	1	0	0	0	0	1	0	0	1	0	1	1	1	9	0	0
ASV_1121	0	6	0	0	0	0	0	0	0	0	0	1	0	1	1	11	0	0
ASV_1141	0	1	0	3	0	2	1	0	1	0	0	3	0	0	4	1	2	2
ASV_1166	3	2	1	0	0	0	4	1	1	1	1	1	0	0	1	1	3	0
ASV_1171	2	0	2	0	4	2	0	0	1	1	0	0	0	1	0	7	0	0
ASV_1174	1	0	0	2	1	5	0	0	3	4	0	1	1	0	0	1	0	1
ASV_1176	1	0	1	0	0	3	2	1	0	1	0	3	1	2	1	2	0	2
ASV_1191	0	1	0	1	0	1	3	4	0	2	1	0	1	3	1	0	1	1
ASV_1192	0	5	0	0	2	0	1	2	0	1	1	1	1	0	3	0	3	0
ASV_1208	2	2	0	0	1	1	0	1	1	0	1	3	2	3	1	0	1	1
ASV_1232	1	1	3	0	0	7	0	0	0	1	3	2	0	0	0	2	0	0
ASV_1247	0	1	0	0	0	0	4	1	7	0	0	2	1	0	1	2	1	0
ASV_1250	1	2	2	0	1	1	1	1	3	0	0	0	3	2	0	1	1	1
ASV_1260	0	0	2	1	1	1	0	1	0	3	1	0	0	1	1	2	3	3
ASV_1296	2	2	2	0	1	1	2	1	1	1	4	1	1	0	1	0	0	0
ASV_1315	1	4	1	1	3	0	0	0	0	0	2	1	0	2	1	1	1	2
ASV_1320	0	2	2	0	1	1	2	0	0	2	0	2	2	1	0	2	0	3
ASV_1334	0	0	2	1	1	0	0	1	0	0	3	1	1	5	3	2	0	0
ASV_1382	0	2	0	3	0	1	3	0	0	3	2	0	1	1	0	2	0	2
ASV_1415	0	0	0	3	2	1	1	1	0	2	1	0	1	3	2	1	0	2
ASV_1454	1	1	2	2	3	0	1	0	0	0	0	0	1	2	0	4	1	2
ASV_1461	2	1	0	0	2	0	2	1	2	1	2	3	0	1	1	1	0	1
ASV_1485	0	1	3	0	2	0	0	0	4	1	1	0	3	2	0	1	0	2
ASV_1496	1	0	4	3	1	0	3	0	0	1	0	1	1	1	0	1	3	0
ASV_1587	1	3	2	0	0	0	4	3	1	1	2	0	1	0	1	1	0	0
ASV_1591	1	1	4	0	0	0	3	1	3	1	0	1	0	0	1	2	2	0
ASV_1637	0	0	0	0	0	0	0	5	0	7	8	0	0	0	0	0	0	0
ASV_1668	2	0	0	0	0	2	0	0	0	0	1	2	2	2	3	1	3	2
ASV_1693	1	1	0	0	0	2	0	2	0	0	3	1	3	0	1	2	2	2
ASV_1726	0	1	2	1	0	2	0	1	0	2	3	2	1	0	1	1	1	2
ASV_1728	1	2	5	1	0	0	0	1	2	0	0	3	0	0	2	2	0	1
ASV_1778	0	0	0	0	0	0	8	4	0	0	0	1	6	1	0	0	0	0
ASV_1789	0	1	0	0	0	0	3	2	1	0	0	2	1	2	3	2	1	2
ASV_950	3	0	1	1	0	1	0	0	1	1	0	3	4	0	1	2	1	1
ASV_1075	1	0	0	0	0	1	0	2	3	0	3	5	0	0	1	2	0	1
ASV_1105	4	0	0	0	1	1	3	2	0	1	2	2	0	1	1	1	0	0
ASV_1146	0	0	0	1	0	0	2	4	1	2	1	1	1	0	0	3	2	1
ASV_1230	0	1	0	1	1	1	1	3	1	1	1	1	0	2	0	0	4	1
ASV_1231	0	1	0	2	1	0	1	1	1	2	0	3	1	2	0	2	0	2
ASV_1233	0	3	3	4	0	0	1	0	1	0	1	4	0	0	1	0	0	1
ASV_1239	0	3	0	0	0	1	1	3	2	0	0	2	1	1	1	0	0	4
ASV_1254	0	0	1	0	0	4	2	0	0	1	6	0	0	1	2	1	0	1
ASV_1268	0	0	0	0	0	0	1	1	6	0	1	1	8	0	0	1	0	0
ASV_1317	0	2	1	1	0	0	0	0	1	1	0	9	1	1	1	1	0	0
ASV_1319	0	3	0	0	1	4	1	0	0	0	2	0	2	0	0	0	3	3
ASV_1331	0	2	0	2	2	1	2	0	4	0	1	0	0	2	0	1	0	2
ASV_1339	0	0	0	0	1	3	1	2	2	2	2	1	0	2	1	0	2	0
ASV_1352	1	1	0	1	1	0	1	1	4	0	1	0	2	0	0	1	2	3
ASV_1362	5	1	0	0	0	0	1	0	0	0	0	1	4	3	0	1	2	1
ASV_1420	0	0	0	0	0	0	2	2	0	7	6	0	0	0	2	0	0	0
ASV_1435	3	0	5	0	0	2	1	0	1	0	1	1	1	0	1	0	2	1
ASV_1562	3	2	0	1	0	0	0	1	0	3	0	3	1	0	1	2	2	0
ASV_1577	1	1	0	2	0	0	5	2	1	1	0	1	1	1	1	1	0	1
ASV_1617	1	0	0	9	0	0	1	1	0	1	0	0	0	3	1	0	1	1
ASV_1674	2	3	0	2	0	0	3	1	0	0	0	3	1	1	0	1	0	2
ASV_1677	4	2	0	0	1	1	0	0	0	0	0	0	4	0	3	2	0	2
ASV_1679	1	3	2	2	0	0	5	1	0	3	0	0	0	0	2	0	0	0
ASV_1686	2	2	1	0	0	1	0	2	0	2	1	3	0	0	2	2	0	1
ASV_1715	0	8	2	0	2	0	0	0	0	0	0	4	0	2	1	0	0	0
ASV_1734	0	1	2	2	3	2	0	0	0	0	1	1	2	0	3	1	0	1
ASV_1752	1	2	0	3	0	0	1	0	3	4	0	0	1	0	3	0	0	1
ASV_1753	0	0	0	1	3	1	1	2	1	1	1	0	3	0	1	1	1	2
ASV_989	1	0	2	0	3	0	0	0	1	2	3	0	0	0	0	5	1	1
ASV_996	2	0	2	0	0	0	1	1	3	0	0	0	1	3	1	1	1	3
ASV_1133	0	1	6	4	0	1	0	0	1	0	1	1	1	1	0	0	1	0
ASV_1148	1	0	0	0	1	0	6	0	1	0	0	2	0	0	3	2	1	1
ASV_1193	0	1	0	0	0	1	3	1	1	2	0	2	1	1	1	1	2	1
ASV_1204	0	0	0	0	0	1	2	0	0	2	1	2	0	4	2	0	3	1
ASV_1243	0	1	1	6	0	1	1	0	0	1	0	2	1	0	2	0	1	1
ASV_1256	0	1	1	4	1	0	1	0	1	0	2	0	0	1	2	0	2	2
ASV_1263	0	0	1	0	0	1	2	0	0	5	4	1	0	2	0	2	0	0
ASV_1277	2	1	0	0	0	8	3	1	0	0	1	0	0	0	2	0	0	0
ASV_1293	2	0	0	4	0	1	1	0	0	0	1	1	1	0	2	4	0	1
ASV_1310	1	2	0	0	1	1	2	1	0	4	1	1	1	0	0	1	2	0
ASV_1344	0	0	0	0	0	0	2	2	4	3	2	1	0	2	0	2	0	0
ASV_1357	2	0	1	1	4	1	1	0	3	0	0	1	1	1	0	2	0	0
ASV_1378	1	1	0	1	0	0	2	1	1	0	1	4	2	1	2	1	0	0
ASV_1380	0	1	0	1	0	1	0	2	0	2	1	2	1	1	2	2	0	2
ASV_1381	1	2	0	0	1	0	0	1	0	1	0	0	2	0	1	3	3	3
ASV_1392	0	1	2	0	2	2	0	1	1	1	4	1	0	0	2	1	0	0
ASV_1393	0	3	1	1	4	2	0	3	0	0	1	1	1	0	0	1	0	0
ASV_1407	0	1	0	1	0	5	4	1	0	0	2	1	0	1	1	1	0	0
ASV_1442	1	2	0	0	0	1	1	0	3	1	3	0	2	1	0	0	1	2
ASV_1469	1	3	1	4	0	0	0	1	2	2	1	2	0	1	0	0	0	0
ASV_1471	0	1	1	1	1	3	2	0	0	0	3	2	1	0	1	0	1	1
ASV_1475	1	1	1	0	0	1	1	3	1	1	2	1	2	1	1	1	0	0
ASV_1502	0	0	1	0	0	0	2	0	2	0	3	1	0	3	1	0	2	3
ASV_1513	0	2	0	0	1	0	2	1	1	1	0	1	2	0	0	2	5	0
ASV_1529	0	0	0	1	0	0	1	0	0	16	0	0	0	0	0	0	0	0
ASV_1555	3	1	0	0	1	1	0	0	1	2	1	1	1	1	1	2	0	2
ASV_1556	2	3	0	0	1	0	1	0	1	0	0	2	0	2	2	0	2	2
ASV_1579	0	1	1	1	0	1	2	0	0	0	2	1	2	0	1	1	0	5
ASV_1701	0	1	0	0	0	0	1	2	3	0	1	6	0	1	0	1	2	0
ASV_1044	1	0	3	1	0	0	1	0	0	0	5	1	1	0	2	0	2	0
ASV_1124	1	1	1	1	0	1	0	2	2	1	2	1	1	1	0	1	0	1
ASV_1157	1	1	0	0	0	0	2	2	1	3	0	0	2	0	3	0	2	0
ASV_1215	1	1	0	0	1	1	1	1	1	0	1	1	1	1	2	1	2	1
ASV_1229	0	2	0	1	0	1	4	1	2	1	2	1	1	1	0	0	0	0
ASV_1270	0	0	0	0	0	0	0	0	0	1	2	0	6	2	1	3	2	0
ASV_1291	3	2	0	0	0	0	1	10	0	0	0	0	1	0	0	0	0	0
ASV_1295	5	1	0	1	0	1	0	1	0	1	0	1	0	0	1	1	1	3
ASV_1297	1	1	0	1	1	0	1	1	3	1	0	0	1	1	3	1	0	1
ASV_1316	0	4	0	2	0	0	2	0	0	0	0	0	0	0	0	7	1	1
ASV_1327	1	0	1	5	3	2	0	0	0	1	0	0	0	0	0	1	0	3
ASV_1388	0	1	0	1	2	0	1	1	0	1	0	3	1	0	2	3	0	1
ASV_1401	0	0	2	1	1	0	0	3	1	1	4	0	1	0	1	1	0	1
ASV_1408	0	0	2	1	1	1	1	1	0	4	1	1	1	0	0	0	0	3
ASV_1430	2	1	0	0	0	1	1	0	0	0	1	1	0	1	3	2	0	4
ASV_1432	2	2	0	0	0	1	1	0	0	0	2	2	1	0	1	3	1	1
ASV_1445	1	2	0	1	0	0	1	0	2	0	0	2	2	0	4	1	1	0
ASV_1460	0	1	0	1	1	0	1	2	2	1	0	4	1	0	2	0	1	0
ASV_1479	0	2	1	2	2	2	0	0	1	3	0	0	0	1	0	0	1	2
ASV_1483	0	1	2	1	0	1	0	0	0	1	1	1	3	1	0	0	4	1
ASV_1492	0	1	3	0	0	0	0	3	1	1	1	2	0	1	1	0	1	2
ASV_1498	0	0	2	2	0	3	0	1	0	1	0	1	0	2	2	1	1	1
ASV_1507	0	0	0	2	1	3	1	0	1	0	0	0	1	0	3	3	1	1
ASV_1511	0	0	0	0	1	0	1	1	0	0	7	2	0	0	0	5	0	0
ASV_1553	2	1	1	2	1	1	1	1	1	1	0	0	1	1	0	0	3	0
ASV_1567	0	1	0	2	1	0	1	0	2	3	0	2	1	0	1	1	1	1
ASV_1598	1	0	1	0	0	0	0	0	1	1	3	3	0	0	0	3	2	2
ASV_1616	0	0	1	3	0	2	1	2	0	1	1	1	1	1	1	0	1	1
ASV_1634	0	2	1	0	0	0	2	1	0	0	2	3	0	0	2	2	1	1
ASV_1641	1	0	1	0	0	2	1	1	0	3	2	1	0	1	2	1	1	0
ASV_1659	1	1	0	0	0	3	2	4	0	0	1	3	0	0	0	2	0	0
ASV_1669	2	0	1	2	4	0	0	0	0	2	0	4	0	0	0	0	1	1
ASV_1731	0	1	2	0	2	1	2	3	2	0	0	0	1	1	0	0	0	2
ASV_1785	1	0	0	0	0	0	3	1	1	2	1	2	1	1	0	3	0	1
ASV_1154	1	1	0	0	0	0	0	2	0	2	0	1	3	0	1	1	3	1
ASV_1165	3	4	0	0	1	0	0	1	1	1	0	1	1	1	0	0	1	1
ASV_1187	0	1	0	2	0	0	1	2	1	2	1	2	2	0	1	1	0	0
ASV_1237	0	1	0	0	0	1	8	1	0	1	1	0	3	0	0	0	0	0
ASV_1282	2	1	2	2	0	1	1	0	0	2	0	0	1	0	2	1	0	1
ASV_1287	1	1	1	3	5	0	1	2	0	0	0	0	2	0	0	0	0	0
ASV_1288	2	3	0	0	1	0	1	1	3	0	0	0	2	1	1	0	0	1
ASV_1318	1	1	0	2	0	0	4	0	3	0	0	0	2	1	0	0	1	1
ASV_1322	0	0	2	0	0	1	2	3	3	1	0	0	2	0	1	0	0	1
ASV_1332	0	0	0	1	0	3	0	0	0	2	1	0	0	1	1	3	2	2
ASV_1342	0	0	0	0	0	0	2	1	1	2	3	1	3	0	1	1	0	1
ASV_1355	1	1	1	1	0	1	1	3	3	0	1	1	0	0	1	1	0	0
ASV_1359	3	0	0	0	1	1	1	1	2	1	1	1	0	1	0	2	1	0
ASV_1373	1	0	0	1	0	2	1	4	1	2	0	1	0	0	1	1	0	1
ASV_1377	0	1	0	1	2	1	0	1	0	1	3	0	2	1	2	0	1	0
ASV_1390	0	1	1	0	0	0	1	1	1	4	1	0	0	3	2	0	1	0
ASV_1395	0	0	2	3	0	0	0	1	0	0	0	1	0	0	9	0	0	0
ASV_1400	0	0	1	1	0	1	1	1	1	1	1	0	3	0	2	2	1	0
ASV_1417	0	3	0	0	1	4	1	2	0	1	2	0	0	0	0	1	0	1
ASV_1427	2	1	2	0	0	1	2	2	0	1	0	1	3	0	1	0	0	0
ASV_1480	1	4	1	0	0	0	3	0	0	0	1	2	0	0	2	0	0	2
ASV_1488	0	1	0	1	0	0	2	0	2	2	0	1	1	0	1	2	2	1
ASV_1575	1	3	3	2	1	0	0	0	1	1	0	2	0	1	0	0	0	1
ASV_1594	0	0	1	3	0	1	2	3	0	2	0	0	1	1	1	1	0	0
ASV_1604	0	1	1	1	0	0	1	0	1	0	0	1	1	1	3	3	1	1
ASV_1607	0	0	2	1	5	1	0	1	2	0	0	0	2	1	0	1	0	0
ASV_1609	0	0	0	3	1	0	0	1	0	0	0	1	0	1	2	0	5	2
ASV_1615	0	0	0	1	0	1	0	3	0	0	3	2	1	1	2	0	2	0
ASV_1649	0	1	2	0	1	0	0	0	0	1	0	0	0	0	1	0	1	9
ASV_1654	2	0	0	0	0	2	0	0	3	0	2	1	0	0	1	1	3	1
ASV_1657	1	1	0	0	0	0	1	1	3	3	1	0	0	1	1	0	1	2
ASV_1700	0	1	0	1	0	0	3	1	1	2	2	0	1	2	1	1	0	0
ASV_1749	0	0	0	3	1	3	1	2	0	0	0	0	0	1	0	3	1	1
ASV_1786	0	0	2	0	1	2	2	1	1	1	0	1	1	0	1	1	1	1
ASV_1203	0	0	0	1	0	5	1	0	0	1	0	0	2	0	1	2	1	1
ASV_1210	2	0	2	1	1	0	2	0	1	0	0	2	2	0	2	0	0	0
ASV_1278	3	0	1	0	0	1	0	1	1	1	2	1	0	1	1	1	1	0
ASV_1292	1	1	1	2	0	0	0	2	0	0	0	0	1	2	2	1	1	1
ASV_1307	0	1	0	0	0	0	0	2	3	0	0	5	3	0	0	1	0	0
ASV_1314	2	1	1	0	0	0	0	0	0	0	0	0	1	9	0	0	0	1
ASV_1368	1	0	0	1	1	1	1	1	0	0	1	1	1	2	1	2	1	0
ASV_1370	2	0	0	0	0	2	2	0	3	1	0	0	0	1	1	1	2	0
ASV_1404	0	0	3	1	0	0	2	1	1	3	0	0	0	3	0	0	1	0
ASV_1413	1	0	0	0	1	1	3	2	1	0	0	3	1	1	1	0	0	0
ASV_1424	1	0	0	0	0	0	0	0	2	4	0	0	1	0	1	2	2	2
ASV_1439	1	3	1	0	0	0	2	1	0	0	1	1	0	1	1	0	1	2
ASV_1443	1	1	0	1	0	0	0	1	0	0	1	0	1	2	1	2	1	3
ASV_1447	1	0	0	1	0	0	0	2	0	1	1	0	0	0	2	3	1	3
ASV_1463	0	2	0	2	0	0	0	3	1	1	2	1	0	1	1	0	0	1
ASV_1466	0	1	0	0	1	1	2	2	1	1	0	1	2	2	0	0	1	0
ASV_1490	0	1	4	1	2	1	0	0	0	0	0	1	0	0	0	3	2	0
ASV_1497	0	0	2	3	0	1	4	0	0	0	0	0	0	1	1	1	1	1
ASV_1563	0	1	2	1	1	1	1	1	1	0	1	0	0	1	0	2	0	2
ASV_1582	0	2	2	0	0	0	3	6	0	1	0	0	1	0	0	0	0	0
ASV_1628	1	0	2	0	0	1	1	0	0	1	2	3	0	0	2	1	0	1
ASV_1638	1	1	0	0	0	0	0	5	1	0	2	2	2	0	0	0	0	1
ASV_1656	1	0	1	0	1	0	1	0	1	0	1	3	0	0	2	2	1	1
ASV_1739	0	1	1	0	0	3	2	1	0	0	1	5	1	0	0	0	0	0
ASV_1743	0	0	0	1	0	0	1	0	1	3	3	2	0	0	0	0	2	2
ASV_1772	1	0	0	0	0	1	3	2	2	1	1	0	1	0	1	1	1	0
ASV_1780	0	0	0	0	0	0	1	8	0	0	6	0	0	0	0	0	0	0
ASV_1179	1	0	1	2	1	0	3	0	2	0	1	1	0	0	0	0	2	0
ASV_1219	1	0	0	0	1	0	0	0	0	0	0	0	3	3	3	0	3	0
ASV_1266	0	0	0	0	0	0	1	0	3	3	0	1	0	3	0	0	3	0
ASV_1267	0	0	0	0	0	0	1	1	1	0	1	0	3	0	2	2	3	0
ASV_1274	1	1	0	0	2	0	0	0	2	1	2	1	0	0	2	0	0	2
ASV_1321	0	0	1	1	1	0	4	0	0	0	1	0	0	0	2	1	0	3
ASV_1336	0	0	0	0	1	0	2	0	1	0	3	1	0	2	1	0	0	3
ASV_1346	1	0	1	0	0	0	0	2	3	0	2	2	2	0	0	1	0	0
ASV_1366	5	2	0	0	0	0	2	0	0	0	1	2	1	0	0	0	0	1
ASV_1421	0	0	0	0	0	0	5	2	0	1	1	1	1	1	2	0	0	0
ASV_1422	0	0	0	0	0	0	2	1	2	1	2	0	2	0	2	0	1	1
ASV_1437	1	0	0	5	0	0	0	1	1	0	1	1	0	0	0	2	1	1
ASV_1440	2	0	0	0	0	1	1	0	0	1	2	0	0	1	0	1	3	2
ASV_1508	0	0	0	1	0	1	0	0	1	0	4	1	1	1	0	2	1	1
ASV_1512	0	0	1	0	2	0	0	0	1	1	2	1	2	0	2	1	0	1
ASV_1523	0	0	0	0	0	0	1	0	0	1	2	2	1	1	0	0	1	5
ASV_1525	0	0	0	1	0	0	0	1	1	1	2	2	0	1	1	2	2	0
ASV_1540	1	1	0	0	0	2	1	0	1	2	1	2	2	1	0	0	0	0
ASV_1558	1	2	4	0	0	0	0	0	3	0	1	1	0	0	1	0	1	0
ASV_1560	1	1	0	1	1	0	0	3	0	0	0	0	1	2	1	0	2	1
ASV_1569	2	1	0	0	0	1	1	2	1	1	0	1	1	1	1	1	0	0
ASV_1581	0	1	0	5	0	0	0	0	0	1	1	1	1	2	1	0	1	0
ASV_1611	1	1	0	2	0	2	1	1	1	0	0	1	1	0	3	0	0	0
ASV_1632	0	0	0	0	0	0	3	1	0	0	1	3	0	0	3	0	1	2
ASV_1667	2	1	2	1	0	0	0	2	0	0	0	2	1	0	0	1	0	2
ASV_1699	0	2	0	0	1	0	1	1	1	2	0	1	0	2	1	1	0	1
ASV_1702	0	3	0	3	1	0	0	0	0	1	1	1	2	0	0	1	0	1
ASV_1712	1	1	1	0	1	0	1	0	1	0	2	0	1	2	2	0	1	0
ASV_1759	0	0	2	0	2	3	1	0	0	1	0	1	0	0	1	0	2	1
ASV_1760	1	0	1	0	3	0	0	1	1	0	1	1	0	2	1	2	0	0
ASV_1773	0	1	3	0	0	1	0	2	0	0	0	2	2	1	0	0	1	1
ASV_1783	0	0	0	0	2	0	2	5	0	0	3	1	0	0	0	0	0	1
ASV_1784	1	0	0	0	0	1	1	1	2	1	0	1	2	0	3	0	1	0
ASV_1262	0	0	0	1	0	1	0	0	0	0	2	0	1	2	0	2	3	1
ASV_1349	1	0	0	0	0	1	0	1	2	1	2	0	1	2	0	1	1	0
ASV_1354	1	1	0	0	0	2	2	0	0	0	2	1	0	0	2	0	2	0
ASV_1375	1	1	0	1	0	0	0	2	2	1	1	1	0	0	1	0	1	1
ASV_1399	0	0	2	0	1	0	0	1	0	0	2	0	3	2	0	0	1	1
ASV_1474	0	1	0	0	0	1	3	3	0	0	1	0	0	0	0	0	2	2
ASV_1482	0	13	0	0	0	0	0	0	0	0	0	0	0	0	0	0	0	0
ASV_1514	0	0	0	0	1	0	0	1	0	0	2	1	2	2	2	1	0	1
ASV_1522	0	1	0	0	0	0	2	0	1	1	1	4	2	1	0	0	0	0
ASV_1537	1	1	0	0	0	1	3	2	0	0	2	1	0	1	1	0	0	0
ASV_1539	1	0	0	0	0	0	2	3	0	1	3	0	0	1	1	1	0	0
ASV_1541	3	1	1	1	0	1	0	0	1	0	1	0	1	0	1	1	0	1
ASV_1565	0	1	1	2	0	1	0	1	0	2	1	2	1	0	0	0	1	0
ASV_1566	1	2	0	0	0	1	1	1	3	0	0	0	0	0	1	1	1	1
ASV_1608	1	0	0	1	0	1	0	2	1	0	0	1	1	1	2	0	1	1
ASV_1618	0	0	1	2	0	0	2	2	0	2	3	0	0	0	1	0	0	0
ASV_1623	0	0	0	1	2	1	0	0	2	1	0	0	0	1	1	2	1	1
ASV_1653	3	0	0	0	0	0	6	0	2	0	0	1	0	0	0	0	0	1
ASV_1660	1	6	0	0	0	0	0	1	1	0	0	0	0	0	2	0	0	2
ASV_1747	1	0	0	1	0	3	2	0	1	0	1	1	0	0	3	0	0	0
ASV_1755	0	0	1	1	0	3	0	0	1	1	3	0	0	0	0	3	0	0
ASV_1767	1	0	0	0	1	1	9	1	0	0	0	0	0	0	0	0	0	0
ASV_1774	0	0	2	0	0	0	1	1	0	1	0	6	0	1	0	0	1	0
ASV_1436	1	1	0	2	3	0	0	1	0	0	0	0	0	3	0	0	0	1
ASV_1449	1	1	1	0	0	0	2	0	2	0	0	1	1	0	1	0	0	2
ASV_1486	0	1	0	0	0	0	1	1	2	0	0	0	0	0	1	5	1	0
ASV_1499	0	0	1	0	0	0	0	2	1	1	0	2	2	1	0	0	0	2
ASV_1501	0	0	3	0	2	1	3	0	2	0	0	0	1	0	0	0	0	0
ASV_1504	0	0	1	1	1	0	0	0	0	0	3	0	0	3	0	0	1	2
ASV_1519	0	0	0	0	0	1	0	0	0	0	0	2	3	1	1	4	0	0
ASV_1532	2	0	0	2	0	0	0	1	0	1	0	3	1	0	0	1	1	0
ASV_1550	1	0	1	2	0	2	2	0	2	1	0	0	0	0	0	0	0	1
ASV_1576	0	6	5	0	0	0	0	0	0	0	0	0	1	0	0	0	0	0
ASV_1585	0	2	2	0	1	0	2	1	1	2	0	0	1	0	0	0	0	0
ASV_1589	0	1	2	0	1	1	0	1	0	1	0	0	2	1	1	1	0	0
ASV_1639	0	0	0	1	0	0	1	1	1	2	1	1	1	0	0	1	1	1
ASV_1640	0	0	0	0	0	0	1	3	0	0	0	0	5	0	0	0	3	0
ASV_1650	2	0	1	0	0	0	1	1	0	0	0	1	0	0	0	3	2	1
ASV_1658	1	0	0	0	0	0	0	0	2	2	2	2	0	0	1	1	1	0
ASV_1665	2	0	0	1	0	0	6	0	0	1	0	1	0	0	0	0	0	1
ASV_1673	1	1	0	0	1	1	0	0	0	1	0	2	2	0	1	0	1	1
ASV_1692	1	3	0	1	0	2	1	0	0	0	0	1	0	0	2	0	0	1
ASV_1703	0	1	1	0	1	1	1	1	1	0	1	1	0	0	0	1	1	1
ASV_1706	1	2	0	1	0	0	0	0	0	0	1	2	1	0	2	0	1	1
ASV_1710	1	4	1	1	0	0	1	1	1	0	0	0	0	0	0	0	1	1
ASV_1729	0	0	1	0	2	0	1	0	1	0	1	0	0	0	2	0	4	0
ASV_1737	0	0	1	0	0	1	1	0	0	0	0	0	0	4	1	2	1	1
ASV_1758	0	0	0	0	1	1	2	0	0	1	1	0	1	1	2	0	0	2
ASV_1764	0	0	0	0	1	0	1	3	0	1	1	2	1	1	1	0	0	0
ASV_1788	0	0	0	0	0	1	1	2	0	0	1	2	1	3	0	1	0	0
ASV_1426	1	0	0	1	0	1	1	0	2	1	1	1	0	0	0	1	0	1
ASV_1478	0	1	0	2	0	0	1	0	2	0	0	0	0	3	0	1	0	1
ASV_1505	0	0	0	2	0	1	0	2	0	1	1	0	1	0	0	1	2	0
ASV_1544	2	0	0	0	1	1	0	0	4	2	0	0	0	0	0	1	0	0
ASV_1559	2	1	0	0	0	0	2	0	2	0	0	1	0	0	0	1	0	2
ASV_1572	0	1	1	0	0	0	1	2	2	0	0	0	2	1	0	1	0	0
ASV_1586	0	5	0	0	0	1	0	2	0	0	0	0	0	0	1	0	1	1
ASV_1592	0	0	1	0	4	1	0	0	0	0	2	0	0	1	0	2	0	0
ASV_1595	0	0	2	2	1	0	0	0	1	3	0	0	0	0	0	1	0	1
ASV_1614	0	0	0	2	0	0	3	0	1	0	1	0	0	0	2	1	0	1
ASV_1622	0	0	0	0	1	0	2	0	2	0	0	1	1	0	1	1	1	1
ASV_1633	0	0	0	0	0	0	6	0	0	0	1	1	1	1	0	1	0	0
ASV_1645	0	0	0	0	0	0	0	0	1	1	0	1	0	2	2	4	0	0
ASV_1672	2	0	1	0	0	0	1	1	1	0	1	0	1	0	0	0	2	1
ASV_1709	0	2	0	0	0	0	2	1	0	0	0	0	5	0	0	0	1	0
ASV_1714	0	3	0	0	0	0	0	1	0	0	0	0	0	0	4	1	2	0
ASV_1763	0	0	1	0	1	0	1	0	0	0	0	0	0	0	0	8	0	0
ASV_1775	0	0	0	0	0	0	1	0	1	0	2	2	0	0	0	3	2	0
ASV_1794	0	1	0	0	0	0	0	1	0	0	3	0	2	0	2	2	0	0
ASV_1796	0	0	0	0	0	0	0	0	0	0	0	0	0	0	0	11	0	0
ASV_1431	1	0	2	1	0	2	0	0	1	0	0	0	0	0	1	2	0	0
ASV_1481	0	1	0	1	1	1	1	2	1	0	0	0	0	1	0	1	0	0
ASV_1635	0	0	0	0	0	0	1	3	0	0	0	0	0	0	4	1	1	0
ASV_1695	0	1	0	0	0	0	4	2	0	0	1	0	0	0	0	1	0	1
ASV_1718	0	1	0	0	0	2	1	0	2	0	1	2	0	0	1	0	0	0
ASV_1777	0	0	0	0	0	0	5	0	1	0	0	0	0	4	0	0	0	0
ASV_1664	1	1	0	0	1	0	0	0	2	0	0	2	0	0	1	0	0	1
ASV_1682	2	0	1	0	0	1	0	2	1	0	1	1	0	0	0	0	0	0
ASV_1690	1	1	0	1	0	1	2	0	1	0	1	0	1	0	0	0	0	0
ASV_1691	1	1	0	0	1	0	1	0	0	1	1	0	0	0	0	2	0	1
ASV_1730	0	0	1	1	0	0	1	0	1	0	1	0	2	1	0	1	0	0
ASV_1756	0	0	1	2	1	0	0	0	1	1	0	1	0	1	0	0	0	1
ASV_1751	0	0	0	1	0	0	2	0	0	2	0	1	0	0	1	1	0	0
ASV_1757	0	0	0	0	1	1	2	0	0	1	0	0	0	1	1	0	0	1
