Genus	KO1	KO2	KO3	KO4	KO5	KO6	OE1	OE2	OE3	OE4	OE5	OE6	WT1	WT2	WT3	WT4	WT5	WT6
Bacteria|Acidobacteria|Acidobacteria_Gp1|Unassigned|Unassigned|Acidobacterium	0.00930319099451112	0.0347192084020484	0.00774713356058258	0.00800128020483277	0	0.00838644750083864	0.0371333085777943	0.0190349290948891	0.0456495937186159	0.0181867782122397	0.0177226406734603	0	0	0.0168506192602578	0.0268672756582483	0	0.00835561497326203	0.00858663918942126
Bacteria|Acidobacteria|Unassigned|Unassigned|Unassigned|Unassigned	0.0465159549725556	0.0520788126030727	0.0154942671211652	0.0240038406144983	0.0605647664471194	0.0335457900033546	0.0371333085777943	0.0951746454744456	0.0273897562311695	0.0272801673183596	0.00886132033673017	0.0671462829736211	0.00860141063134354	0.0252759288903867	0.438832169084722	0.0086587583340549	0	0.034346556757685
Bacteria|Acidobacteria|Vicinamibacteria|Vicinamibacterales|Vicinamibacteraceae|Vicinamibacter	0.0186063819890222	0.0607586147035848	0.00774713356058258	0.00800128020483277	0.00757059580588992	0.0167728950016773	0.241366505755663	0.085657180927001	0.0912991874372318	0.0545603346367191	0.194949047408064	0.268585131894484	0.129021159470153	0.0421265481506445	0.134336378291241	0.086587583340549	0.0334224598930481	0.0515198351365276
Bacteria|Actinobacteria|Acidimicrobiia|Acidimicrobiales|Acidimicrobiaceae|Acidiferrimicrobium	0.00930319099451112	0.0433990105025605	0.0154942671211652	0.0560089614338294	0.0529941706412295	0.0419322375041932	0.102116598588934	0.0380698581897782	0.0273897562311695	0.0909338910611985	0.0354452813469207	0.0383693045563549	0.0258042318940306	0.0842530963012891	0.0716460684219953	0.086587583340549	0.0752005347593583	0.0257599175682638
Bacteria|Actinobacteria|Acidimicrobiia|Acidimicrobiales|Iamiaceae|Actinomarinicola	0.427946785747511	0.49474871972919	0.503563681437868	0.312049927988478	0.302823832235597	0.444481717544448	0.826216115855923	0.799467021985343	0.547795124623391	0.518323179048832	0.673460345591493	0.748201438848921	0.567693101668674	0.522369197067992	0.725416442772703	0.4415966750368	0.484625668449198	0.446505237849906
Bacteria|Actinobacteria|Acidimicrobiia|Acidimicrobiales|Ilumatobacteraceae|Desertimonas	0.148851055912178	0.138876833608194	0.100712736287574	0.0960153624579933	0.0908471496706791	0.100637370010064	0.343483104344597	0.10469211002189	0.127818862412125	0.163681003910157	0.221533008418254	0.306954436450839	0.137622570101497	0.143230263712191	0.116424861185742	0.138540133344878	0.100267379679144	0.111626309462476
Bacteria|Actinobacteria|Acidimicrobiia|Acidimicrobiales|Unassigned|Unassigned	0	0.0173596042010242	0.00774713356058258	0	0	0	0.0278499814333457	0.00951746454744456	0.0273897562311695	0.0181867782122397	0.0265839610101905	0.0191846522781775	0	0.0421265481506445	0.0179115171054988	0	0.0167112299465241	0.034346556757685
Bacteria|Actinobacteria|Actinobacteria|Cryptosporangiales|Cryptosporangiaceae|Cryptosporangium	0.0837287189506001	0.190955646211266	0.0619770684846607	0.0320051208193311	0.0151411916117798	0.0754780275075478	0.0556999628666914	0.0951746454744456	0.0456495937186159	0.136400836591798	0.0620292423571112	0.0959232613908873	0.12041974883881	0.0505518577807734	0.0447787927637471	0.121222616676769	0.100267379679144	0.0515198351365276
Bacteria|Actinobacteria|Actinobacteria|Frankiales|Frankiaceae|Frankia	0.0279095729835334	0.0694384168040969	0.0309885342423303	0.0320051208193311	0.0151411916117798	0.0251593425025159	0.06498329001114	0.085657180927001	0.0365196749748927	0.0454669455305993	0.0620292423571112	0.0575539568345324	0.0430070531567177	0.0252759288903867	0.0537345513164965	0.0692700666724392	0.0250668449197861	0.0171732783788425
Bacteria|Actinobacteria|Actinobacteria|Geodermatophilales|Geodermatophilaceae|Blastococcus	0.0465159549725556	0.216995052512803	0.092965602726991	0.072011521843495	0.0227117874176698	0.0754780275075478	0.12996658002228	0.199866755496336	0.0821692686935086	0.0818405019550787	0.0797518830305716	0.306954436450839	0.0602098744194048	0.0252759288903867	0.0895575855274942	0.121222616676769	0.142045454545455	0.0515198351365276
Bacteria|Actinobacteria|Actinobacteria|Geodermatophilales|Geodermatophilaceae|Geodermatophilus	0.0279095729835334	0.0347192084020484	0	0	0.00757059580588992	0.0335457900033546	0.0464166357222428	0.0666222518321119	0.0365196749748927	0.00909338910611985	0.0265839610101905	0.0575539568345324	0.00860141063134354	0.0168506192602578	0.0447787927637471	0.0606113083383843	0.0417780748663102	0.0257599175682638
Bacteria|Actinobacteria|Actinobacteria|Glycomycetales|Glycomycetaceae|Glycomyces	0.0744255279560889	0.16491623990973	0.0697242020452433	0.0320051208193311	0.0378529790294496	0.0670915800067092	0.0185666542888971	0.0285523936423337	0.0821692686935086	0.0272801673183596	0.0177226406734603	0.0383693045563549	0.0774126956820919	0.0421265481506445	0.0268672756582483	0.0606113083383843	0.0668449197860962	0.034346556757685
Bacteria|Actinobacteria|Actinobacteria|Kineosporiales|Kineosporiaceae|Thalassiella	0.0465159549725556	0.0173596042010242	0.0232414006817478	0.0240038406144983	0	0.0251593425025159	0.0464166357222429	0.0475873227372228	0.00912991874372318	0.0181867782122397	0	0.0287769784172662	0.0172028212626871	0.00842530963012891	0.0447787927637471	0.0086587583340549	0.0334224598930481	0.0257599175682638
Bacteria|Actinobacteria|Actinobacteria|Micrococcales|Cellulomonadaceae|Cellulomonas	0.0651223369615778	0.00867980210051211	0	0.0240038406144983	0	0.0419322375041932	0.12996658002228	0.0380698581897782	0.0456495937186159	0.0363735564244794	0.0620292423571112	0.0287769784172662	0.00860141063134354	0.0168506192602578	0.0806018269747448	0.0173175166681098	0.0501336898395722	0.111626309462476
Bacteria|Actinobacteria|Actinobacteria|Micrococcales|Dermacoccaceae|Yimella	0.0465159549725556	0.112837427306657	0.0232414006817478	0.0480076812289966	0.0454235748353395	0.00838644750083864	0.0835499443000371	0.00951746454744456	0.0456495937186159	0.0454669455305993	0.053167922020381	0.0767386091127098	0.0430070531567177	0.0505518577807734	0.0179115171054988	0.0346350333362196	0.0417780748663102	0.0257599175682638
Bacteria|Actinobacteria|Actinobacteria|Micrococcales|Intrasporangiaceae|Intrasporangium	0.0186063819890222	0.078118218904609	0.0542299349240781	0.0160025604096655	0.0151411916117798	0.0167728950016773	0	0.0190349290948891	0.0182598374874464	0.00909338910611985	0	0.0287769784172662	0.00860141063134354	0.0168506192602578	0.0179115171054988	0.0432937916702745	0	0.00858663918942126
Bacteria|Actinobacteria|Actinobacteria|Micrococcales|Intrasporangiaceae|Oryzihumus	0.362824448785934	0.876660012151723	0.348621010226216	0.736117778844615	0.128700128700129	0.251593425025159	0.761232825844783	0.571047872846674	0.57518488085456	0.763844684914067	0.629153743907842	0.489208633093525	1.17839325649407	1.1374168000674	0.895575855274942	0.81392328340116	0.910762032085562	0.583891464880646
Bacteria|Actinobacteria|Actinobacteria|Micrococcales|Microbacteriaceae|Agromyces	0.651223369615778	1.24989150247374	0.782460489618841	0.840134421507441	0.507229918994625	0.536732640053673	0.816932788711474	1.07547349386124	0.757783255729024	0.836591797763026	0.859548072662827	0.824940047961631	0.722518493032857	0.589771674109023	0.976177682249687	0.84855831673738	0.676804812834225	0.978876867594024
Bacteria|Actinobacteria|Actinobacteria|Micrococcales|Microbacteriaceae|Cryobacterium	0.00930319099451112	0	0	0	0	0.0251593425025159	0.0464166357222429	0.0475873227372228	0.0639094312060623	0.00909338910611985	0.177226406734603	0	0.0172028212626871	0	0.0179115171054988	0.0259762750021647	0.0167112299465241	0.00858663918942126
Bacteria|Actinobacteria|Actinobacteria|Micrococcales|Microbacteriaceae|Curtobacterium	0.204670201879245	0.269073865115875	0.263402541059808	0.192030724915987	0.0832765538647892	0.176115397517612	0.157816561455626	0.218901684591225	0.328677074774035	0.209147949440757	0.212671688081524	0.143884892086331	0.421469120935833	0.261184598533996	0.295540032240731	0.216468958351372	0.501336898395722	0.480851794607591
Bacteria|Actinobacteria|Actinobacteria|Micrococcales|Microbacteriaceae|Microbacterium	0.241882965857289	0.0260394063015363	0.0309885342423303	0.0800128020483277	0.0302823832235597	0.0503186850050319	0.111399925733383	0.0190349290948891	0.0273897562311695	0.0818405019550787	0.0620292423571112	0.172661870503597	0.0344056425253742	0.0337012385205156	0.0806018269747448	0.0692700666724392	0.0835561497326203	0.0944530310836339
Bacteria|Actinobacteria|Actinobacteria|Micrococcales|Microbacteriaceae|Unassigned	0.00930319099451112	0.0347192084020484	0.0619770684846607	0.0240038406144983	0.0454235748353395	0.0503186850050319	0.0278499814333457	0.0285523936423337	0.0365196749748927	0.0272801673183596	0.0443066016836509	0.0383693045563549	0.0258042318940306	0.0252759288903867	0.0537345513164965	0.0779288250064941	0.0334224598930481	0.0171732783788425
Bacteria|Actinobacteria|Actinobacteria|Micrococcales|Micrococcaceae|Arthrobacter	0.0372127639780445	0.0867980210051211	0.0697242020452433	0.0320051208193311	0.0227117874176698	0.00838644750083864	0.0835499443000371	0.142761968211668	0.0730393499497854	0.0818405019550787	0.132919805050953	0.0479616306954436	0.0430070531567177	0.0589771674109024	0.0895575855274942	0.0952463416746039	0.0835561497326203	0.0686931135153701
Bacteria|Actinobacteria|Actinobacteria|Micrococcales|Micrococcaceae|Pseudarthrobacter	0.0837287189506001	0.0607586147035848	0.0309885342423303	0.0320051208193311	0.0151411916117798	0.0838644750083865	0.0464166357222429	0.218901684591225	0.0912991874372318	0.100027280167318	0.141781125387683	0.172661870503597	0.0946155169447789	0.0252759288903867	0.0626903098692459	0.147198891678933	0.0417780748663102	0.111626309462476
Bacteria|Actinobacteria|Actinobacteria|Micrococcales|Promicromonosporaceae|Cellulosimicrobium	0.0651223369615778	0	0	0	0	0	0.00928332714444857	0.0190349290948891	0	0.00909338910611985	0	0.0767386091127098	0.0860141063134354	0	0.0179115171054988	0	0	0.00858663918942126
Bacteria|Actinobacteria|Actinobacteria|Micrococcales|Promicromonosporaceae|Isoptericola	0.0279095729835334	0.0173596042010242	0	0	0.00757059580588992	0.0251593425025159	0	0.00951746454744456	0.00912991874372318	0	0.0265839610101905	0	0.00860141063134354	0.0505518577807734	0.0537345513164965	0.0259762750021647	0	0.00858663918942126
Bacteria|Actinobacteria|Actinobacteria|Micrococcales|Promicromonosporaceae|Promicromonospora	0.213973392873756	0.347192084020484	0.116207003408739	0.23203712594015	0.0832765538647892	0.43609527004361	0.278499814333457	0.171314361854002	0.155208618643294	0.136400836591798	0.50509525919362	0.316546762589928	0.129021159470153	0.202207431123094	0.188070929607738	0.173175166681098	0.12533422459893	0.171732783788425
Bacteria|Actinobacteria|Actinobacteria|Micromonosporales|Micromonosporaceae|Actinoplanes	2.82817006233138	4.42669907126117	2.72699101332507	2.86445831333013	1.43841320311909	3.35457900033546	2.95209803193465	4.07347482630627	5.13101433397243	3.38274074747658	4.03190075321223	3.11750599520384	3.51797694821951	2.83932934535344	3.23302883754254	3.22971685860248	3.7850935828877	3.58921518117809
Bacteria|Actinobacteria|Actinobacteria|Micromonosporales|Micromonosporaceae|Catellatospora	0.567494650665178	0.65966495963892	0.232414006817478	0.424067850856137	0.340676811265047	0.12579671251258	0.51986632008912	0.666222518321119	0.392586505980097	0.254614894971356	0.48737261852016	0.306954436450839	0.361259246516429	0.269609908164125	0.420920651979223	0.294397783357866	0.275735294117647	0.506611712175854
Bacteria|Actinobacteria|Actinobacteria|Micromonosporales|Micromonosporaceae|Dactylosporangium	0.148851055912178	0.373231490322021	0.162689804772234	0.128020483277324	0.0378529790294496	0.167728950016773	0.306349795766803	0.276006471875892	0.155208618643294	0.227334727652996	0.177226406734603	0.211031175059952	0.232238087046276	0.176931502232707	0.268672756582483	0.216468958351372	0.200534759358289	0.489438433797012
Bacteria|Actinobacteria|Actinobacteria|Micromonosporales|Micromonosporaceae|Hamadaea	0.0558191459670667	0.12151722940717	0.0464828013634955	0.0560089614338294	0.0227117874176698	0.0754780275075478	0.0371333085777943	0.199866755496336	0.0912991874372318	0.0454669455305993	0.053167922020381	0.124700239808153	0.0860141063134354	0.168506192602578	0.214938205265986	0.0519525500043294	0.0752005347593583	0.111626309462476
Bacteria|Actinobacteria|Actinobacteria|Micromonosporales|Micromonosporaceae|Mangrovihabitans	0.0372127639780445	0.0260394063015363	0	0	0	0.0503186850050319	0.0371333085777943	0.0190349290948891	0	0.00909338910611985	0	0.0575539568345324	0.0172028212626871	0	0.0179115171054988	0.0259762750021647	0.0668449197860962	0
Bacteria|Actinobacteria|Actinobacteria|Micromonosporales|Micromonosporaceae|Micromonospora	0.641920178621267	0.772502386945578	0.821196157421754	0.296047367578813	0.272541449012037	0.327071452532707	0.58484961010026	0.799467021985343	0.839952524422533	0.563790124579431	0.49623393885689	0.786570743405276	0.498881816617925	0.46339202965709	0.626903098692459	0.484890466707074	0.359291443850267	0.437918598660484
Bacteria|Actinobacteria|Actinobacteria|Micromonosporales|Micromonosporaceae|Phytohabitans	0.00930319099451112	0.0867980210051211	0	0.00800128020483277	0	0	0.00928332714444857	0.0380698581897782	0.0273897562311695	0.0181867782122397	0.0177226406734603	0	0.0344056425253742	0.0168506192602578	0.0447787927637471	0.0086587583340549	0.0167112299465241	0.0171732783788425
Bacteria|Actinobacteria|Actinobacteria|Micromonosporales|Micromonosporaceae|Unassigned	0.241882965857289	0.407950698724069	0.0697242020452433	0.0800128020483277	0.151411916117798	0.117410265011741	0.315633122911251	0.285523936423337	0.182598374874464	0.227334727652996	0.256978289765175	0.268585131894484	0.189231033889558	0.176931502232707	0.214938205265986	0.190492683349208	0.183823529411765	0.180319422977846
Bacteria|Actinobacteria|Actinobacteria|Micromonosporales|Micromonosporaceae|Verrucosispora	0.0465159549725556	0.12151722940717	0.0774713356058258	0.0160025604096655	0.0151411916117798	0.0419322375041932	0.0371333085777943	0.085657180927001	0.0639094312060623	0.0818405019550787	0.0620292423571112	0.0479616306954436	0.0258042318940306	0.0337012385205156	0.0447787927637471	0.0346350333362196	0.0250668449197861	0.0858663918942126
Bacteria|Actinobacteria|Actinobacteria|Micromonosporales|Micromonosporaceae|Virgisporangium	0.427946785747511	0.407950698724069	0.441586612953207	0.304048647783645	0.0605647664471194	0.12579671251258	0.362049758633494	0.418768440087561	0.319547156030311	0.263708284077476	0.124058484714222	0.258992805755396	0.41286771030449	0.143230263712191	0.268672756582483	0.155857650012988	0.12533422459893	0.386398763523957
Bacteria|Actinobacteria|Actinobacteria|Micromonosporales|Micromonosporaceae|Wangella	0.223276583868267	0.2864334693169	0.0309885342423303	0.104016642662826	0.0302823832235597	0.142569607514257	0.204233197177869	0.466355762824783	0.100429106180955	0.063653723742839	0.124058484714222	0.201438848920863	0.309650782728367	0.320161765944898	0.376141859215476	0.181833925015153	0.467914438502674	0.188906062167268
Bacteria|Actinobacteria|Actinobacteria|Mycobacteriales|Mycobacteriaceae|Mycobacterium	0.5023723137036	0.538147730231751	0.441586612953207	0.23203712594015	0.113558937088349	0.192888292519289	0.399183067211289	0.323593794613115	0.273897562311695	0.309175229608075	0.230394328754985	0.316546762589928	0.318252193359711	0.168506192602578	0.519433996059466	0.294397783357866	0.284090909090909	0.188906062167268
Bacteria|Actinobacteria|Actinobacteria|Mycobacteriales|Nocardiaceae|Nocardia	0.0930319099451112	0.112837427306657	0.193678339014565	0.00800128020483277	0.0757059580588992	0.0419322375041932	0.0556999628666914	0.114209574569335	0.0547795124623391	0.118214058379558	0.106335844040762	0.0671462829736211	0.172028212626871	0.0337012385205156	0.205982446713237	0.112563858342714	0.0334224598930481	0.0686931135153701
Bacteria|Actinobacteria|Actinobacteria|Propionibacteriales|Kribbellaceae|Kribbella	0.437249976742022	1.05025605416197	0.581035017043694	0.352056329012642	0.287682640623817	0.402549480040255	0.71481619012254	0.685257447416008	0.57518488085456	0.500136400836592	0.726628267611874	0.700239808153477	0.653707207982109	0.935209368944309	0.60899158158696	0.900510866741709	1.17814171122995	0.635411300017173
Bacteria|Actinobacteria|Actinobacteria|Propionibacteriales|Nocardioidaceae|Aeromicrobium	0.325611684807889	0.555507334432775	0.797954756740006	0.472075532085134	0.439094556741616	0.452868165045287	0.12996658002228	0.323593794613115	0.255637724824249	0.345548786032554	0.310146211785556	0.354916067146283	0.240839497677619	0.210632740753223	0.340318825004478	0.38964412503247	0.259024064171123	0.34346556757685
Bacteria|Actinobacteria|Actinobacteria|Propionibacteriales|Nocardioidaceae|Marmoricola	0.0651223369615778	0.0867980210051211	0.092965602726991	0.104016642662826	0.0605647664471194	0.0419322375041932	0.06498329001114	0.142761968211668	0.0365196749748927	0.0545603346367191	0.0886132033673017	0.0287769784172662	0.0430070531567177	0.00842530963012891	0.0447787927637471	0.112563858342714	0.0501336898395722	0.0686931135153701
Bacteria|Actinobacteria|Actinobacteria|Propionibacteriales|Nocardioidaceae|Nocardioides	1.69318076100102	2.46506379654544	2.46358847226526	1.84829572731637	1.76394882277235	2.27272727272727	1.6245822502785	2.90282668697059	1.83511366748836	1.4640356460853	2.42800177226407	1.75539568345324	1.67727507311199	1.3396242311905	2.2478953967401	1.84431552515369	1.82152406417112	1.87188734329383
Bacteria|Actinobacteria|Actinobacteria|Propionibacteriales|Propionibacteriaceae|Friedmanniella	0.0558191459670667	0.0260394063015363	0	0.0240038406144983	0	0.0335457900033546	0.0556999628666914	0.0190349290948891	0.0182598374874464	0.0181867782122397	0	0.00959232613908873	0.00860141063134354	0.0168506192602578	0.0268672756582483	0	0	0.0171732783788425
Bacteria|Actinobacteria|Actinobacteria|Propionibacteriales|Unassigned|Unassigned	0	0	0	0	0	0.00838644750083864	0.0371333085777943	0.0380698581897782	0.0365196749748927	0.0727471128489588	0.0177226406734603	0.0191846522781775	0.0516084637880612	0.00842530963012891	0.0268672756582483	0.0432937916702745	0.00835561497326203	0
Bacteria|Actinobacteria|Actinobacteria|Pseudonocardiales|Pseudonocardiaceae|Actinocrispum	0.99544143641269	0.980817637357868	3.46296870158042	1.27220355256841	0.174123703535468	0.226434082522643	1.59673226884515	1.50375939849624	1.19601935542774	0.963899245248704	1.18741692512184	0.920863309352518	1.7976948219508	0.320161765944898	1.35231954146516	1.03905100008659	0.660093582887701	3.05684355143397
Bacteria|Actinobacteria|Actinobacteria|Pseudonocardiales|Pseudonocardiaceae|Actinophytocola	0.111638291934133	0.0433990105025605	0	0	0	0.259979872525998	0.0928332714444857	0.0475873227372228	0.0821692686935086	0.0454669455305993	0.0443066016836509	0.278177458033573	0.0258042318940306	0.00842530963012891	0.0268672756582483	0.233786475019482	0.0250668449197861	0.489438433797012
Bacteria|Actinobacteria|Actinobacteria|Pseudonocardiales|Pseudonocardiaceae|Amycolatopsis	0.967531863429156	3.03793073517924	1.48744964363186	1.16018562970075	1.09016579604815	1.40892318014089	0.6498329001114	0.951746454744456	0.40171642472382	1.1003000818405	0.974745237040319	0.633093525179856	1.43643557543437	1.52498104305333	0.913487372380441	1.92224435016019	5.28910427807487	0.841490640563283
Bacteria|Actinobacteria|Actinobacteria|Pseudonocardiales|Pseudonocardiaceae|Kibdelosporangium	0.241882965857289	0.2864334693169	0.0542299349240781	3.55256841094575	1.4308426073132	0.0838644750083864	0.362049758633494	0.561530408299229	0.237377887336803	0.58197690279167	0.265839610101905	0.306954436450839	0.946155169447789	0.126379644451934	0.358230342109977	0.372326608364361	0.217245989304813	0.566718186501803
Bacteria|Actinobacteria|Actinobacteria|Pseudonocardiales|Pseudonocardiaceae|Lentzea	2.94911154526002	6.10190087666001	3.12984195847536	2.37638022083533	2.43016125369067	2.90171083529017	2.65503156331229	2.63633767964214	2.29160960467452	2.7462035100482	3.98759415152858	2.97362110311751	4.71357302597626	3.45437694835285	4.52265806913846	3.84448870032037	3.04144385026738	2.95380388116091
Bacteria|Actinobacteria|Actinobacteria|Pseudonocardiales|Pseudonocardiaceae|Pseudonocardia	0.0930319099451112	0.156236437809218	0.340873876665634	0.14402304368699	0.0757059580588992	0.100637370010064	0.167099888600074	0.171314361854002	0.127818862412125	0.118214058379558	0.115197164377492	0.211031175059952	0.240839497677619	0.15165557334232	0.0537345513164965	0.173175166681098	0.192179144385027	0.103039670273055
Bacteria|Actinobacteria|Actinobacteria|Pseudonocardiales|Pseudonocardiaceae|Saccharothrix	0.241882965857289	0.390591094523045	0.123954136969321	0.0960153624579933	0.0529941706412295	0.109023817510902	0.111399925733383	0.33311125916056	0.0912991874372318	0.0727471128489588	0.0620292423571112	0.201438848920863	0.154825391364184	0.126379644451934	0.16120365394949	0.0779288250064941	0.0334224598930481	0.0944530310836339
Bacteria|Actinobacteria|Actinobacteria|Pseudonocardiales|Pseudonocardiaceae|Unassigned	0.6698297516048	1.1457338772676	0.325379609544469	0.9521523443751	0.257400257400257	0.763166722576317	1.06758262161159	1.05643856476635	0.912991874372318	0.791124852232427	0.824102791315906	0.920863309352518	0.791329778083606	0.952059988204566	1.03886799211893	1.09100355009092	0.518048128342246	0.961703589215181
Bacteria|Actinobacteria|Actinobacteria|Sporichthyales|Sporichthyaceae|Longivirga	0.0279095729835334	0.0173596042010242	0.00774713356058258	0.0160025604096655	0	0.00838644750083864	0.0278499814333457	0.0190349290948891	0	0.0181867782122397	0.00886132033673017	0.0191846522781775	0.0172028212626871	0.00842530963012891	0.0268672756582483	0.0086587583340549	0.0334224598930481	0.00858663918942126
Bacteria|Actinobacteria|Actinobacteria|Streptomycetales|Streptomycetaceae|Streptacidiphilus	0.0186063819890222	0.0173596042010242	0.00774713356058258	0	0.00757059580588992	0.0167728950016773	0.00928332714444857	0.00951746454744456	0.00912991874372318	0	0	0.0191846522781775	0.0344056425253742	0.00842530963012891	0.0268672756582483	0.0173175166681098	0.0167112299465241	0.00858663918942126
Bacteria|Actinobacteria|Actinobacteria|Streptomycetales|Streptomycetaceae|Streptomyces	3.349148758024	3.15944796458641	3.38549736597459	2.40038406144983	1.23400711636006	1.98758805769876	2.69216487189009	3.94023032264205	8.97471012507989	5.21960534691279	3.32299512627381	3.42446043165468	4.56734904524342	3.90091835874968	3.63603797241626	6.87505411723959	4.80447860962567	3.63214837712519
Bacteria|Actinobacteria|Actinobacteria|Streptosporangiales|Streptosporangiaceae|Nonomuraea	0.0930319099451112	0.425310302925093	0.20917260613573	0.248039686349816	0.0378529790294496	0.134183160013418	0.278499814333457	0.295041400970781	0.164338537387017	0.154587614804037	0.319007532122286	0.0671462829736211	0.12041974883881	0.278035217794254	0.223893963818735	0.0692700666724392	0.367647058823529	0.334878928387429
Bacteria|Actinobacteria|Actinobacteria|Streptosporangiales|Streptosporangiaceae|Sphaerisporangium	0	0	0	0.112017922867659	0	0	0	0.0380698581897782	0	0	0	0	0.00860141063134354	0.00842530963012891	0.00895575855274942	0	0.00835561497326203	0
Bacteria|Actinobacteria|Actinobacteria|Streptosporangiales|Thermomonosporaceae|Actinocorallia	0.99544143641269	0.998177241558892	0.20917260613573	1.3922227556409	0.348247407070936	0.628983562562898	0.58484961010026	1.0469211002189	0.40171642472382	0.809311630444667	0.850686752326097	0.671462829736211	1.2041974883881	1.25537113488921	0.698549167114455	0.995757208416313	1.37867647058824	0.729864331100807
Bacteria|Actinobacteria|Actinobacteria|Streptosporangiales|Unassigned|Unassigned	0.0279095729835334	0.0260394063015363	0.00774713356058258	0.0320051208193311	0.0151411916117798	0.0251593425025159	0.06498329001114	0.114209574569335	0.0639094312060623	0.063653723742839	0.0708905626938414	0.0383693045563549	0.0516084637880612	0.0252759288903867	0.0358230342109977	0.0432937916702745	0.0334224598930481	0.0772797527047913
Bacteria|Actinobacteria|Actinobacteria|Unassigned|Unassigned|Unassigned	0.520978695692623	0.963458033156844	0.914161760148745	0.528084493518963	0.333106215459157	0.55350553505535	0.445599702933531	0.599600266489007	0.611704555829453	0.691097572065109	0.567124501550731	0.700239808153477	0.997763633235851	0.665599460780184	0.662726132903457	0.649406875054117	0.57653743315508	0.626824660827752
Bacteria|Actinobacteria|Coriobacteriia|Coriobacteriales|Atopobiaceae|Fannyhessea	0.0372127639780445	0.0260394063015363	0.0232414006817478	0	0	0.00838644750083864	0.139249907166729	0.0666222518321119	0.0821692686935086	0	0.0443066016836509	0.15347721822542	0.0258042318940306	0.0252759288903867	0.107469102632993	0.0606113083383843	0.0167112299465241	0.0257599175682638
Bacteria|Actinobacteria|Coriobacteriia|Unassigned|Unassigned|Unassigned	0.0279095729835334	0.0260394063015363	0.0232414006817478	0.00800128020483277	0	0.0251593425025159	0.0278499814333457	0.0666222518321119	0.0365196749748927	0	0.0177226406734603	0.0287769784172662	0.0172028212626871	0.00842530963012891	0.0179115171054988	0.0173175166681098	0	0.00858663918942126
Bacteria|Actinobacteria|Nitriliruptoria|Egibacterales|Egibacteraceae|Egibacter	0.0651223369615778	0.0433990105025605	0.0387356678029129	0.00800128020483277	0.00757059580588992	0.0587051325058705	0.0556999628666914	0.152279432759113	0.0456495937186159	0.0545603346367191	0.0708905626938414	0.115107913669065	0.0172028212626871	0.0758277866711602	0.0626903098692459	0.086587583340549	0.0250668449197861	0.0429331959471063
Bacteria|Actinobacteria|Rubrobacteria|Rubrobacterales|Rubrobacteraceae|Rubrobacter	0.0186063819890222	0.130197031507682	0.0464828013634955	0.0480076812289966	0.00757059580588992	0.0503186850050319	0.120683252877831	0.085657180927001	0.0365196749748927	0.0545603346367191	0.0354452813469207	0.143884892086331	0.0860141063134354	0.0421265481506445	0.0626903098692459	0.0692700666724392	0.116978609625668	0.0515198351365276
Bacteria|Actinobacteria|Thermoleophilia|Solirubrobacterales|Baekduiaceae|Baekduia	0.455856358731045	0.624945751236872	0.379609544468547	0.528084493518963	0.280112044817927	0.478027507547803	0.798366134422577	0.913676596554678	0.474755774673605	0.572883513685551	0.575985821887461	0.872901678657074	0.636504386719422	0.320161765944898	0.528389754612216	0.320374058360031	0.584893048128342	0.429331959471063
Bacteria|Actinobacteria|Thermoleophilia|Solirubrobacterales|Conexibacteraceae|Conexibacter	0.307005302818867	0.32983247981946	0.108459869848156	0.152024323891823	0.196835490953138	0.402549480040255	0.501299665800223	0.352146188255449	0.310417237286588	0.254614894971356	0.327868852459016	0.537170263788969	0.180629623258214	0.143230263712191	0.232849722371485	0.164516408347043	0.259024064171123	0.283359093250902
Bacteria|Actinobacteria|Thermoleophilia|Solirubrobacterales|Parviterribacteraceae|Parviterribacter	0.0372127639780445	0.0867980210051211	0.0232414006817478	0.0400064010241639	0.0529941706412295	0.0670915800067092	0.0742666171555886	0.10469211002189	0.0730393499497854	0.100027280167318	0.0797518830305716	0.0863309352517986	0.137622570101497	0.0758277866711602	0.0626903098692459	0.138540133344878	0.0752005347593583	0.0515198351365276
Bacteria|Actinobacteria|Thermoleophilia|Solirubrobacterales|Unassigned|Unassigned	0.241882965857289	0.216995052512803	0.0697242020452433	0.14402304368699	0.113558937088349	0.234820530023482	0.427033048644634	0.247454078233559	0.155208618643294	0.163681003910157	0.283562250775366	0.383693045563549	0.154825391364184	0.160080882972449	0.170159412502239	0.129881375010823	0.158756684491979	0.128799587841319
Bacteria|Actinobacteria|Thermoleophilia|Thermoleophilales|Thermoleophilaceae|Thermoleophilum	0.0744255279560889	0.12151722940717	0.108459869848156	0.176028164506321	0.098417745476569	0.150956055015096	0.19494987003342	0.218901684591225	0.127818862412125	0.109120669273438	0.150642445724413	0.182254196642686	0.137622570101497	0.109529025191676	0.116424861185742	0.103905100008659	0.100267379679144	0.128799587841319
Bacteria|Actinobacteria|Thermoleophilia|Unassigned|Unassigned|Unassigned	0.0837287189506001	0.156236437809218	0.100712736287574	0.0880140822531605	0.0454235748353395	0.0838644750083865	0.12996658002228	0.20938422004378	0.0821692686935086	0.272801673183596	0.141781125387683	0.115107913669065	0.14622398073284	0.134804954082063	0.143292136843991	0.0952463416746039	0.133689839572192	0.111626309462476
Bacteria|Actinobacteria|Unassigned|Unassigned|Unassigned|Unassigned	0.130244673923156	0.243034458814339	0.0542299349240781	0.128020483277324	0.0151411916117798	0.276752767527675	0.139249907166729	0.323593794613115	0.209988131105633	0.0909338910611985	0.141781125387683	0.182254196642686	0.197832444520901	0.0842530963012891	0.250761239476984	0.121222616676769	0.0919117647058823	0.145972866220161
Bacteria|Bacteroidetes|Chitinophagia|Chitinophagales|Chitinophagaceae|Compostibacter	0.0186063819890222	0.0173596042010242	0	0.0240038406144983	0.0227117874176698	0	0.00928332714444857	0.0380698581897782	0	0.00909338910611985	0	0.00959232613908873	0.00860141063134354	0.0252759288903867	0	0.0173175166681098	0	0.00858663918942126
Bacteria|Bacteroidetes|Chitinophagia|Chitinophagales|Chitinophagaceae|Flavitalea	0.00930319099451112	0	0	0	0	0	0.0742666171555886	0.0285523936423337	0.0273897562311695	0.0272801673183596	0.0177226406734603	0.0383693045563549	0.0172028212626871	0.0252759288903867	0.0358230342109977	0	0.00835561497326203	0.0171732783788425
Bacteria|Bacteroidetes|Chitinophagia|Chitinophagales|Chitinophagaceae|Niastella	0.139547864917667	0.0607586147035848	0.0619770684846607	0.0560089614338294	0.0227117874176698	0.0754780275075478	0.482733011511326	0.276006471875892	0.493015612161052	0.400109120669273	0.292423571112096	0.220623501199041	0.352657835885085	0.488667958547477	0.331363066451728	0.37232660836436	0.250668449197861	0.154559505409583
Bacteria|Bacteroidetes|Cytophagia|Cytophagales|Cyclobacteriaceae|Algoriphagus	0.0744255279560889	0.0347192084020484	0.0619770684846607	0.0480076812289966	0.0151411916117798	0.0419322375041932	0.102116598588934	0.0761397163795565	0.310417237286588	0.136400836591798	0.0886132033673017	0.0767386091127098	0.137622570101497	0.126379644451934	0.125380619738492	0.103905100008659	0.100267379679144	0.0944530310836339
Bacteria|Bacteroidetes|Cytophagia|Cytophagales|Cytophagaceae|Chryseotalea	0.604707414643223	0.425310302925093	0.123954136969321	0.0880140822531605	0.325535619653267	0.0335457900033546	0.594132937244709	0.237936613686114	0.383456587236374	1.40038192234246	0.248116969428445	0.316546762589928	0.507483227249269	0.38756424298593	0.680637650008956	0.649406875054117	0.217245989304813	0.377812124334535
Bacteria|Bacteroidetes|Cytophagia|Cytophagales|Cytophagaceae|Spirosoma	0.0186063819890222	0	0.00774713356058258	0.0160025604096655	0	0.00838644750083864	0.0278499814333457	0.0190349290948891	0.0365196749748927	0.0272801673183596	0.00886132033673017	0.00959232613908873	0.0344056425253742	0.0168506192602578	0.00895575855274942	0.0086587583340549	0	0.0171732783788425
Bacteria|Bacteroidetes|Cytophagia|Cytophagales|Fulvivirgaceae|Chryseolinea	0.372127639780445	0.208315250412291	0.0697242020452433	0.168026884301488	0.0454235748353395	0.0838644750083864	0.835499443000371	0.590082801941563	0.666484068291792	0.727471128489588	0.708905626938414	0.431654676258993	0.541888869774643	0.598196983739152	0.662726132903457	0.718676941726556	0.342580213903743	0.446505237849906
Bacteria|Bacteroidetes|Cytophagia|Cytophagales|Hymenobacteraceae|Unassigned	0.00930319099451112	0.00867980210051211	0	0	0.0151411916117798	0	0	0.0285523936423337	0.0365196749748927	0.00909338910611985	0.0265839610101905	0.0191846522781775	0.0172028212626871	0.0505518577807734	0.0358230342109977	0	0	0.0257599175682638
Bacteria|Bacteroidetes|Flavobacteriia|Flavobacteriales|Cryomorphaceae|Crocinitomix	0.0372127639780445	0.0347192084020484	0.0387356678029129	0.0320051208193311	0.0151411916117798	0.00838644750083864	0.0742666171555886	0.0475873227372228	0.118688943668401	0.118214058379558	0.0620292423571112	0.115107913669065	0.0688112850507483	0.160080882972449	0.125380619738492	0.121222616676769	0.12533422459893	0.0429331959471063
Bacteria|Bacteroidetes|Flavobacteriia|Flavobacteriales|Flavobacteriaceae|Flavobacterium	1.60014885105591	1.79671903480601	7.10412147505423	2.46439430308849	4.3606631841926	1.87856424018786	1.47604901596732	7.06195869420386	6.56441157673697	4.73765572428844	1.98493575542756	1.99520383693046	3.81042490968519	4.28848260173561	2.71359484148307	1.63650532513638	3.63469251336898	4.43070582174137
Bacteria|Bacteroidetes|Flavobacteriia|Flavobacteriales|Weeksellaceae|Chryseobacterium	0	0.0260394063015363	0.00774713356058258	0.0160025604096655	0.00757059580588992	0.00838644750083864	0.0185666542888971	0.114209574569335	0.0639094312060623	0.063653723742839	0.053167922020381	0.0191846522781775	0.0172028212626871	0	0.0537345513164965	0.225127716685427	0.0250668449197861	0.0171732783788425
Bacteria|Bacteroidetes|Sphingobacteriia|Sphingobacteriales|Sphingobacteriaceae|Pedobacter	0.0837287189506001	0.0607586147035848	0.0542299349240781	0.104016642662826	0.151411916117798	0.0251593425025159	0.0371333085777943	0.0571047872846674	0.109559024924678	0.0909338910611985	0.0620292423571112	0.0959232613908873	0.103216927576122	0.252759288903867	0.0626903098692459	0.0692700666724392	0.12533422459893	0.13738622703074
Bacteria|Bacteroidetes|Sphingobacteriia|Sphingobacteriales|Sphingobacteriaceae|Sphingobacterium	0.0465159549725556	0	0.00774713356058258	0.00800128020483277	0.0151411916117798	0	0.0185666542888971	0.00951746454744456	0.00912991874372318	0.00909338910611985	0.0354452813469207	0.0191846522781775	0.00860141063134354	0.00842530963012891	0.0268672756582483	0	0.0167112299465241	0.0171732783788425
Bacteria|Bacteroidetes|Unassigned|Unassigned|Unassigned|Unassigned	0.0186063819890222	0.0173596042010242	0	0.0160025604096655	0	0.0419322375041932	0.00928332714444857	0.00951746454744456	0	0.063653723742839	0	0	0	0	0.00895575855274942	0	0	0.0257599175682638
Bacteria|Chlamydiae|Chlamydiia|Chlamydiales|Chlamydiaceae|Chlamydia	0.0186063819890222	0.00867980210051211	0	0	0.00757059580588992	0.0251593425025159	0.0464166357222429	0.0190349290948891	0.0365196749748927	0.0727471128489588	0.00886132033673017	0	0	0.00842530963012891	0.0895575855274942	0.0086587583340549	0	0.0601064743259488
Bacteria|Chloroflexi|Chloroflexia|Chloroflexales|Chloroflexaceae|Chloroflexus	0.390734021769467	0.486068917628678	0.170436938332817	0.328052488398144	0.287682640623817	0.150956055015096	0.362049758633494	0.685257447416008	0.474755774673605	0.391015731563154	0.327868852459016	0.441247002398082	0.584895922931361	0.320161765944898	0.429876410531972	0.42427915836869	0.208890374331551	0.455091877039327
Bacteria|Chloroflexi|Chloroflexia|Herpetosiphonales|Herpetosiphonaceae|Herpetosiphon	0.911712717462089	1.15441367936811	0.317632475983886	0.800128020483277	1.11287758346582	0.628983562562898	0.770516152989231	1.80831826401447	0.556925043367114	0.936619077930345	1.42667257421356	1.04556354916067	3.23413039738517	0.480242648917348	0.949310406591438	0.961122175080094	1.40374331550802	1.30516915679203
Bacteria|Chloroflexi|Chloroflexia|Unassigned|Unassigned|Unassigned	0	0	0	0	0	0	0	0.00951746454744456	0	0	0	0.00959232613908873	0.0344056425253742	0	0	0.242445233353537	0.0167112299465241	0
Bacteria|Firmicutes|Bacilli|Bacillales|Alicyclobacillaceae|Tumebacillus	0	0	0	0.00800128020483277	0.00757059580588992	0.0335457900033546	0.0371333085777943	0.0380698581897782	0	0.0272801673183596	0.168365086397873	0.00959232613908873	0.00860141063134354	0.0252759288903867	0	0.086587583340549	0	0
Bacteria|Firmicutes|Bacilli|Bacillales|Bacillaceae|Unassigned	0.967531863429156	0.937418626855308	0.495816547877285	0.552088334133461	0.340676811265047	0.897349882589735	3.11919792053472	1.41810221756924	1.80772391125719	1.88233154496681	1.0279131590607	3.70263788968825	0.481678995355238	0.353863004465414	0.635858857245209	0.4415966750368	0.334224598930481	0.652584578396016
Bacteria|Firmicutes|Bacilli|Bacillales|Paenibacillaceae|Unassigned	0.372127639780445	0.347192084020484	0.643012085528355	2.64042246759481	0.136270724506019	0.595437772559544	1.77311548458968	1.00885124202912	0.383456587236374	0.836591797763026	0.256978289765175	0.661870503597122	0.189231033889558	0.134804954082063	0.259716998029733	0.233786475019482	0.158756684491979	0.163146144599004
Bacteria|Firmicutes|Bacilli|Bacillales|Planococcaceae|Lysinibacillus	0.0279095729835334	0.0173596042010242	0.00774713356058258	0.00800128020483277	0.00757059580588992	0.0167728950016773	0.0928332714444857	0.0475873227372228	0.0273897562311695	0	0.0354452813469207	0.230215827338129	0	0	0.0179115171054988	0.0086587583340549	0.0250668449197861	0.00858663918942126
Bacteria|Firmicutes|Bacilli|Bacillales|Planococcaceae|Psychrobacillus	0.0279095729835334	0.0260394063015363	0.0232414006817478	0.0480076812289966	0.00757059580588992	0.0251593425025159	0.0371333085777943	0	0.0365196749748927	0.00909338910611985	0.106335844040762	0.0479616306954436	0.0172028212626871	0.0252759288903867	0.0268672756582483	0.0173175166681098	0.0167112299465241	0.0257599175682638
Bacteria|Firmicutes|Bacilli|Bacillales|Thermoactinomycetaceae|Unassigned	0.0558191459670667	0.104157625206145	0.0387356678029129	0.104016642662826	0.0227117874176698	0.0335457900033546	0.0371333085777943	0.171314361854002	0.118688943668401	0.0363735564244794	0.0797518830305716	0.134292565947242	0.00860141063134354	0.00842530963012891	0.0447787927637471	0.0779288250064941	0.0250668449197861	0.111626309462476
Bacteria|Firmicutes|Bacilli|Bacillales|Unassigned|Unassigned	0.0558191459670667	0.0433990105025605	0.0387356678029129	0.0400064010241639	0.0681353622530093	0.0167728950016773	0.111399925733383	0.10469211002189	0.0456495937186159	0.0818405019550787	0.0886132033673017	0.115107913669065	0.0688112850507483	0.0421265481506445	0.0985133440802436	0.0346350333362196	0.00835561497326203	0.0171732783788425
Bacteria|Firmicutes|Bacilli|Lactobacillales|Unassigned|Unassigned	0.0372127639780445	0.0173596042010242	0.0852184691664084	0.0160025604096655	0.0151411916117798	0.0838644750083864	0.0556999628666914	0.0190349290948891	0.00912991874372318	0.063653723742839	0	0.0575539568345324	0.00860141063134354	0	0.0537345513164965	0	0.0167112299465241	0.0171732783788425
Bacteria|Firmicutes|Bacilli|Unassigned|Unassigned|Unassigned	0.455856358731045	0.937418626855308	0.356368143786799	0.296047367578813	0.522371110606405	0.461254612546125	0.482733011511326	0.504425621014562	0.191728293618187	0.427389287987633	0.336730172795747	0.422062350119904	0.395664889041803	0.143230263712191	0.295540032240731	0.155857650012988	0.401069518716578	0.309119010819165
Bacteria|Firmicutes|Clostridia|Clostridiales|Clostridiaceae|Unassigned	0	0.321152677718948	0.0232414006817478	0.00800128020483277	0.0454235748353395	0.0335457900033546	0.0556999628666914	0.0285523936423337	0.0912991874372318	0.00909338910611985	0.106335844040762	0.0191846522781775	0.00860141063134354	0.0421265481506445	0.0447787927637471	0	0.150401069518717	0.0772797527047913
Bacteria|Firmicutes|Clostridia|Clostridiales|Lachnospiraceae|Caecibacterium	0	0.130197031507682	0	0	0	0	0	0	0	0	0	0	0	0	0	0	0	0.0944530310836339
Bacteria|Firmicutes|Clostridia|Clostridiales|Peptostreptococcaceae|Romboutsia	0	0	0.0154942671211652	0.00800128020483277	0.00757059580588992	0.00838644750083864	0.0185666542888971	0.00951746454744456	0.00912991874372318	0.00909338910611985	0.00886132033673017	0.0671462829736211	0	0.0168506192602578	0	0.0086587583340549	0.00835561497326203	0.0171732783788425
Bacteria|Firmicutes|Clostridia|Clostridiales|Unassigned|Unassigned	0	0	0.0154942671211652	0.0160025604096655	0.128700128700129	0.00838644750083864	0	0.0951746454744456	0	0.0181867782122397	0.0177226406734603	0	0	0	0.0358230342109977	0.0086587583340549	0	0.0515198351365276
Bacteria|Firmicutes|Clostridia|Unassigned|Unassigned|Unassigned	0.0186063819890222	0.0260394063015363	0.00774713356058258	0.0160025604096655	0	0	0.0464166357222429	0.0190349290948891	0	0.0181867782122397	0	0.0383693045563549	0.00860141063134354	0	0	0.112563858342714	0	0.0171732783788425
Bacteria|Firmicutes|Unassigned|Unassigned|Unassigned|Unassigned	0.00930319099451112	0.00867980210051211	0.0309885342423303	0.0160025604096655	0.00757059580588992	0.0587051325058705	0	0	0.00912991874372318	0.0181867782122397	0.0265839610101905	0.0287769784172662	0	0.00842530963012891	0	0.0173175166681098	0	0.00858663918942126
Bacteria|Gemmatimonadetes|Gemmatimonadetes|Gemmatimonadales|Gemmatimonadaceae|Gemmatimonas	0.0186063819890222	0.0260394063015363	0.0154942671211652	0.0160025604096655	0	0.00838644750083864	0.0278499814333457	0.00951746454744456	0.0182598374874464	0.00909338910611985	0	0.0287769784172662	0	0.0337012385205156	0.0179115171054988	0.0173175166681098	0.00835561497326203	0.034346556757685
Bacteria|Gemmatimonadetes|Gemmatimonadetes|Gemmatimonadales|Gemmatimonadaceae|Gemmatirosa	0.130244673923156	0.156236437809218	0.0852184691664084	0.0960153624579933	0.0529941706412295	0.100637370010064	0.176383215744523	0.190349290948891	0.136948781155848	0.118214058379558	0.150642445724413	0.124700239808153	0.0774126956820919	0.092678405931418	0.0985133440802436	0.129881375010823	0.0919117647058823	0.13738622703074
Bacteria|Nitrospirae|Nitrospira|Nitrospirales|Nitrospiraceae|Nitrospira	0.0465159549725556	0.0607586147035848	0.0387356678029129	0.0640102416386622	0.0227117874176698	0.0754780275075478	0.148533234311177	0.10469211002189	0.118688943668401	0.0727471128489588	0.115197164377492	0.172661870503597	0.103216927576122	0.0842530963012891	0.125380619738492	0.355009091696251	0.12533422459893	0.171732783788425
Bacteria|Planctomycetes|Phycisphaerae|Phycisphaerales|Phycisphaeraceae|Algisphaera	0.0372127639780445	0.0433990105025605	0	0.0160025604096655	0	0.00838644750083864	0.0371333085777943	0.00951746454744456	0	0	0.0177226406734603	0.0479616306954436	0.0172028212626871	0.00842530963012891	0.00895575855274942	0.0346350333362196	0.00835561497326203	0.0257599175682638
Bacteria|Planctomycetes|Planctomycetacia|Pirellulales|Lacipirellulaceae|Bythopirellula	0.00930319099451112	0.0607586147035848	0.0232414006817478	0.00800128020483277	0	0.0251593425025159	0.0835499443000371	0.0951746454744456	0.0639094312060623	0.0363735564244794	0.0886132033673017	0.0959232613908873	0.0430070531567177	0.0252759288903867	0.0447787927637471	0.0346350333362196	0.0584893048128342	0.00858663918942126
Bacteria|Planctomycetes|Planctomycetacia|Pirellulales|Lacipirellulaceae|Lacipirellula	0.00930319099451112	0.112837427306657	0.0619770684846607	0.0160025604096655	0	0.0167728950016773	0.315633122911251	0.504425621014562	0.191728293618187	0.063653723742839	0.106335844040762	0.258992805755396	0.111818338207466	0.109529025191676	0.134336378291241	0.0952463416746039	0.0334224598930481	0.0429331959471063
Bacteria|Planctomycetes|Planctomycetacia|Planctomycetales|Isosphaeraceae|Paludisphaera	0.0186063819890222	0.0173596042010242	0.0232414006817478	0.0240038406144983	0.00757059580588992	0.0251593425025159	0.102116598588934	0.0571047872846674	0.0273897562311695	0.0727471128489588	0.053167922020381	0.0479616306954436	0.0344056425253742	0.0252759288903867	0.0537345513164965	0.0086587583340549	0.0250668449197861	0.034346556757685
Bacteria|Proteobacteria|Alphaproteobacteria|Caulobacterales|Caulobacteraceae|Aquidulcibacter	0.148851055912178	0.138876833608194	0.0697242020452433	0.072011521843495	0.113558937088349	0.0670915800067092	0.213516524322317	0.10469211002189	0.0730393499497854	0.118214058379558	0.212671688081524	0.143884892086331	0.129021159470153	0.109529025191676	0.134336378291241	0.155857650012988	0.116978609625668	0.223252618924953
Bacteria|Proteobacteria|Alphaproteobacteria|Caulobacterales|Caulobacteraceae|Brevundimonas	0.213973392873756	0.138876833608194	0.224666873256895	0.336053768602976	0.408812173518056	0.150956055015096	0.12996658002228	0.20938422004378	0.0821692686935086	0.0727471128489588	0.124058484714222	0.105515587529976	0.0774126956820919	0.202207431123094	0.125380619738492	0.155857650012988	0.142045454545455	0.0601064743259488
Bacteria|Proteobacteria|Alphaproteobacteria|Caulobacterales|Caulobacteraceae|Caulobacter	0.5023723137036	0.468709313427654	0.495816547877285	0.536085773723796	0.416382769323946	0.637370010063737	0.371333085777943	0.475873227372228	0.365196749748927	0.345548786032554	0.549401860877271	0.364508393285372	0.464476174092551	0.513943887437863	0.31345154934623	0.42427915836869	0.593248663101604	0.369225485145114
Bacteria|Proteobacteria|Alphaproteobacteria|Caulobacterales|Caulobacteraceae|Phenylobacterium	1.04195739138525	1.13705407516709	0.999380229315153	0.632101136181789	0.99931864637747	2.06306608520631	0.984032677311548	0.523460550109451	0.419976262211266	1.00027280167318	0.912715994683208	0.776978417266187	1.27300877343884	0.783553795601988	0.725416442772703	0.839899558403325	0.735294117647059	0.807144083805598
Bacteria|Proteobacteria|Alphaproteobacteria|Caulobacterales|Caulobacteraceae|Unassigned	0.120941482928645	0.112837427306657	0.139448404090487	0.0800128020483277	0.0529941706412295	0.100637370010064	0.204233197177869	0.133244503664224	0.146078699899571	0.172774393016277	0.115197164377492	0.201438848920863	0.0774126956820919	0.160080882972449	0.188070929607738	0.155857650012988	0.0417780748663102	0.180319422977846
Bacteria|Proteobacteria|Alphaproteobacteria|Caulobacterales|Hyphomonadaceae|Asprobacter	0.0651223369615778	0.0433990105025605	0.00774713356058258	0.0160025604096655	0	0.0251593425025159	0.06498329001114	0.085657180927001	0.0273897562311695	0.0545603346367191	0	0.0863309352517986	0.0430070531567177	0.00842530963012891	0.0447787927637471	0.0346350333362196	0.0835561497326203	0.0429331959471063
Bacteria|Proteobacteria|Alphaproteobacteria|Rhizobiales|Aurantimonadaceae|Aureimonas	0.0744255279560889	0.0867980210051211	0.0154942671211652	0.0640102416386622	0.0605647664471194	0.0838644750083864	0.0185666542888971	0.0380698581897782	0.0639094312060623	0.0454669455305993	0.0620292423571112	0.115107913669065	0.0688112850507483	0.0589771674109024	0.0716460684219953	0.0259762750021647	0.0501336898395722	0.0257599175682638
Bacteria|Proteobacteria|Alphaproteobacteria|Rhizobiales|Bartonellaceae|Bartonella	0.0558191459670667	0.0867980210051211	0.0387356678029129	0.0320051208193311	0.0681353622530093	0.0754780275075478	0.0928332714444857	0.0475873227372228	0.0365196749748927	0.0363735564244794	0.0797518830305716	0.0287769784172662	0.0258042318940306	0.0168506192602578	0.0806018269747448	0.0692700666724392	0.0167112299465241	0.0257599175682638
Bacteria|Proteobacteria|Alphaproteobacteria|Rhizobiales|Boseaceae|Bosea	0.390734021769467	0.390591094523045	0.914161760148745	1.24019843174908	0.734347793171323	0.469641060046964	0.408466394355737	0.532978014656895	0.219118049849356	0.254614894971356	0.469649977846699	0.306954436450839	0.438671942198521	0.303311146684641	0.30449579079348	0.536843016711404	0.735294117647059	0.498025072986433
Bacteria|Proteobacteria|Alphaproteobacteria|Rhizobiales|Bradyrhizobiaceae|Bradyrhizobium	1.99088287282538	2.62130023435466	2.14595599628138	1.76028164506321	1.96078431372549	2.37336464273734	2.85926476049016	1.94156276767869	1.62512553638273	1.68227698463217	2.3482498892335	2.35971223021583	1.77189059005677	1.60923413935462	2.14938205265986	2.19066585851589	1.86330213903743	2.24111282843895
Bacteria|Proteobacteria|Alphaproteobacteria|Rhizobiales|Bradyrhizobiaceae|Pseudorhodoplanes	0.679132942599312	0.633625553337384	0.790207623179424	0.86413826212194	0.257400257400257	0.712848037571285	0.77979948013368	0.409250975540116	0.465625855929882	0.527416568154951	0.51395657953035	0.575539568345324	0.240839497677619	0.278035217794254	0.680637650008956	0.658065633388172	0.309157754010695	0.686931135153701
Bacteria|Proteobacteria|Alphaproteobacteria|Rhizobiales|Bradyrhizobiaceae|Rhodoplanes	0.809377616522467	1.03289644996094	0.991633095754571	0.872139542326772	0.757059580588992	0.972827910097283	1.24396583735611	0.866089273817455	0.739523418241578	0.772938074020187	0.788657509968985	1.05515587529976	0.653707207982109	0.733001937821215	0.92244313093319	0.718676941726556	0.643382352941176	0.738450970290228
Bacteria|Proteobacteria|Alphaproteobacteria|Rhizobiales|Bradyrhizobiaceae|Rhodopseudomonas	0.0558191459670667	0.0173596042010242	0.108459869848156	0	0	0	0	0	0	0	0.00886132033673017	0.00959232613908873	0.0172028212626871	0.0168506192602578	0	0	0.0167112299465241	0
Bacteria|Proteobacteria|Alphaproteobacteria|Rhizobiales|Devosiaceae|Devosia	1.60014885105591	1.24989150247374	1.75859931825225	1.50424067850856	2.75569687334393	1.9959745051996	1.06758262161159	1.61796897306558	0.712133662010408	1.17304719468946	1.26716880815241	0.988009592326139	0.82573542060898	0.960485297834695	1.02095647501343	0.909169625075764	1.11965240641711	1.29658251760261
Bacteria|Proteobacteria|Alphaproteobacteria|Rhizobiales|Devosiaceae|Unassigned	0.0651223369615778	0.0694384168040969	0.108459869848156	0.104016642662826	0.121129532894239	0.0922509225092251	0.12996658002228	0.0380698581897782	0.0547795124623391	0.0363735564244794	0.0797518830305716	0.0671462829736211	0.0430070531567177	0.0758277866711602	0.0626903098692459	0.0519525500043294	0.0668449197860962	0.13738622703074
Bacteria|Proteobacteria|Alphaproteobacteria|Rhizobiales|Hyphomicrobiaceae|Hyphomicrobium	1.06056377337427	0.980817637357868	1.27827703749613	0.752120339254281	0.613218260277084	0.813485407581349	1.29038247307835	0.866089273817455	0.465625855929882	0.763844684914068	0.894993354009748	1.15107913669065	0.627902976088078	0.53921981632825	0.671681891456206	0.536843016711404	0.40942513368984	0.944530310836339
Bacteria|Proteobacteria|Alphaproteobacteria|Rhizobiales|Methylobacteriaceae|Microvirga	0.176760628895711	0.295113271417412	0.0232414006817478	0.0960153624579933	0.113558937088349	0.159342502515934	0.3249164500557	0.152279432759113	0.146078699899571	0.181867782122397	0.159503766061143	0.306954436450839	0.0946155169447789	0.101103715561547	0.0716460684219953	0.155857650012988	0.100267379679144	0.111626309462476
Bacteria|Proteobacteria|Alphaproteobacteria|Rhizobiales|Phyllobacteriaceae|Mesorhizobium	0.781468043538934	0.850620605850187	0.743724821815928	0.904144663146103	0.757059580588992	1.00637370010064	0.956182695878203	0.732844770153231	0.684743905779239	0.827498408656906	0.939299955693398	0.882494004796163	0.713917082401514	0.598196983739152	0.841841303958445	1.0563685167547	0.860628342245989	0.789970805426756
Bacteria|Proteobacteria|Alphaproteobacteria|Rhizobiales|Phyllobacteriaceae|Nitratireductor	0.2511861568518	0.216995052512803	0.0619770684846607	0.328052488398144	0.264970853206147	0.628983562562898	0.25993316004456	0.142761968211668	0.246507806080526	0.154587614804037	0.177226406734603	0.249400479616307	0.309650782728367	0.176931502232707	0.241805480924234	0.129881375010823	0.183823529411765	0.163146144599004
Bacteria|Proteobacteria|Alphaproteobacteria|Rhizobiales|Phyllobacteriaceae|Roseitalea	0.0837287189506001	0.12151722940717	0.0309885342423303	0.0240038406144983	0.151411916117798	0.0251593425025159	0	0.00951746454744456	0.0456495937186159	0.0181867782122397	0.0354452813469207	0.0383693045563549	0	0.193782121492965	0.0179115171054988	0.0086587583340549	0.0334224598930481	0.0257599175682638
Bacteria|Proteobacteria|Alphaproteobacteria|Rhizobiales|Phyllobacteriaceae|Unassigned	0.102335100939622	0.0347192084020484	0.0697242020452433	0.0960153624579933	0.0454235748353395	0.100637370010064	0.139249907166729	0.123727039116779	0.0456495937186159	0.063653723742839	0.106335844040762	0.124700239808153	0.103216927576122	0.0842530963012891	0.0806018269747448	0.0606113083383843	0.0835561497326203	0.0858663918942126
Bacteria|Proteobacteria|Alphaproteobacteria|Rhizobiales|Pleomorphomonadaceae|Chthonobacter	0.0651223369615778	0.0347192084020484	0.0619770684846607	0.0640102416386622	0.158982511923688	0.0670915800067092	0.0556999628666914	0.0475873227372228	0.0639094312060623	0.0454669455305993	0.053167922020381	0.0383693045563549	0.0688112850507483	0.092678405931418	0.197026688160487	0.0346350333362196	0.0919117647058823	0.0686931135153701
Bacteria|Proteobacteria|Alphaproteobacteria|Rhizobiales|Rhizobiaceae|Agrobacterium	0.0930319099451112	0.00867980210051211	0.0774713356058258	0.0240038406144983	0.0681353622530093	0.00838644750083864	0	0.0951746454744456	0.0730393499497854	0.263708284077476	0.212671688081524	0.0959232613908873	0.00860141063134354	0.101103715561547	0.0716460684219953	0.164516408347043	0.0334224598930481	0.0772797527047913
Bacteria|Proteobacteria|Alphaproteobacteria|Rhizobiales|Rhizobiaceae|Ensifer	0.297702111824356	0.243034458814339	0.573287883483111	0.480076812289966	0.628359451888864	0.511573297551157	0.222799851466766	0.237936613686114	0.219118049849356	0.263708284077476	0.248116969428445	0.297362110311751	0.197832444520901	0.421265481506445	0.170159412502239	0.337691575028141	0.342580213903743	0.360638845955693
Bacteria|Proteobacteria|Alphaproteobacteria|Rhizobiales|Rhizobiaceae|Pararhizobium	1.06986696436878	1.11969447096606	1.79733498605516	2.11233797407585	2.84654402301461	2.04629319020463	0.705532862978091	0.675739982868564	0.748653336985301	0.982086023460944	1.27603012848914	0.997601918465228	1.18699466712541	1.69348723565591	0.761239476983701	0.839899558403325	1.61263368983957	0.81573072299502
Bacteria|Proteobacteria|Alphaproteobacteria|Rhizobiales|Rhizobiaceae|Rhizobium	0.707042515582845	0.225674854613315	0.751471955376511	0.512081933109298	0.522371110606405	0.343844347534384	0.287783141477906	0.380698581897782	0.310417237286588	0.536509957261071	0.48737261852016	0.796163069544365	0.206433855152245	0.31173645631477	0.420920651979223	0.398302883366525	0.225601604278075	0.223252618924953
Bacteria|Proteobacteria|Alphaproteobacteria|Rhizobiales|Rhizobiaceae|Shinella	0.5023723137036	0.529467928131239	1.36349550666253	0.776124179868779	1.24914830797184	0.788326065078833	0.640549572966951	1.11354335205101	0.346936912261481	0.763844684914068	0.992467877713779	0.393285371702638	0.627902976088078	0.834105653382762	0.46569944474297	0.718676941726556	1.30347593582888	0.987463506783445
Bacteria|Proteobacteria|Alphaproteobacteria|Rhizobiales|Rhizobiaceae|Unassigned	0.623313796632245	0.364551688221509	0.612023551286024	0.552088334133461	0.605647664471194	0.478027507547803	0.816932788711474	0.761397163795565	0.511275449648498	0.491043011730472	0.770934869295525	1.03597122302158	0.258042318940306	0.31173645631477	0.626903098692459	0.510866741709239	0.660093582887701	0.446505237849906
Bacteria|Proteobacteria|Alphaproteobacteria|Rhizobiales|Unassigned|Unassigned	0.781468043538934	0.867980210051211	1.14657576696622	0.536085773723796	0.681353622530093	0.830258302583026	0.937616041589306	0.628152660131341	0.629964393316899	0.61835045921615	0.593708462560922	0.661870503597122	0.455874763461208	0.513943887437863	0.895575855274942	0.467572950038964	0.342580213903743	0.566718186501803
Bacteria|Proteobacteria|Alphaproteobacteria|Rhodospirillales|Azospirillaceae|Azospirillum	0.0837287189506001	0.0867980210051211	0.0387356678029129	0.0320051208193311	0.0151411916117798	0.0670915800067092	0.120683252877831	0.114209574569335	0.136948781155848	0.0454669455305993	0.0886132033673017	0.0671462829736211	0.0688112850507483	0.0505518577807734	0.0985133440802436	0.112563858342714	0.0501336898395722	0.0686931135153701
Bacteria|Proteobacteria|Alphaproteobacteria|Rhodospirillales|Azospirillaceae|Skermanella	0.0186063819890222	0.0433990105025605	0.00774713356058258	0.00800128020483277	0.00757059580588992	0.0335457900033546	0.0185666542888971	0	0.0273897562311695	0.00909338910611985	0	0.0383693045563549	0	0	0.188070929607738	0.0259762750021647	0	0.0257599175682638
Bacteria|Proteobacteria|Alphaproteobacteria|Rhodospirillales|Azospirillaceae|Unassigned	0.0186063819890222	0.0173596042010242	0.0464828013634955	0.0320051208193311	0.00757059580588992	0.00838644750083864	0.0371333085777943	0.0285523936423337	0.0365196749748927	0.0181867782122397	0.0265839610101905	0.0287769784172662	0.0258042318940306	0.0252759288903867	0	0.0259762750021647	0.0167112299465241	0.0257599175682638
Bacteria|Proteobacteria|Alphaproteobacteria|Rhodospirillales|Geminicoccaceae|Arboricoccus	0.0837287189506001	0.0867980210051211	0.0542299349240781	0.0800128020483277	0.0227117874176698	0.0670915800067092	0.111399925733383	0.0475873227372228	0.0912991874372318	0.063653723742839	0.106335844040762	0.182254196642686	0.0688112850507483	0.0842530963012891	0.0358230342109977	0.0432937916702745	0.0584893048128342	0.0858663918942126
Bacteria|Proteobacteria|Alphaproteobacteria|Rhodospirillales|Reyranellaceae|Reyranella	0.1674574379012	0.199635448311778	0.224666873256895	0.120019203072492	0.0378529790294496	0.218047635021805	0.241366505755663	0.133244503664224	0.164338537387017	0.154587614804037	0.124058484714222	0.220623501199041	0.14622398073284	0.092678405931418	0.15224789539674	0.216468958351372	0.0752005347593583	0.103039670273055
Bacteria|Proteobacteria|Alphaproteobacteria|Rhodospirillales|Rhodospirillaceae|Dongia	0.409340403758489	0.503428521829702	0.255655407499225	0.280044807169147	0.151411916117798	0.201274740020127	1.04901596732269	0.628152660131341	0.547795124623391	0.545603346367191	0.558263181214001	0.633093525179856	0.507483227249269	0.454966720026961	0.483610961848469	0.640748116720062	0.250668449197861	0.394985402713378
Bacteria|Proteobacteria|Alphaproteobacteria|Rhodospirillales|Thalassobaculaceae|Oceanibaculum	0.0279095729835334	0.0520788126030727	0.00774713356058258	0.0160025604096655	0	0.0251593425025159	0.0278499814333457	0.0571047872846674	0.0456495937186159	0.0272801673183596	0.0443066016836509	0.0575539568345324	0.0344056425253742	0.0252759288903867	0.00895575855274942	0.0259762750021647	0.0250668449197861	0.034346556757685
Bacteria|Proteobacteria|Alphaproteobacteria|Rhodospirillales|Unassigned|Unassigned	0.176760628895711	0.156236437809218	0.178184071893399	0.0480076812289966	0.166553107729578	0.159342502515934	0.297066468622354	0.123727039116779	0.127818862412125	0.154587614804037	0.132919805050953	0.201438848920863	0.0946155169447789	0.202207431123094	0.259716998029733	0.147198891678933	0.142045454545455	0.171732783788425
Bacteria|Proteobacteria|Alphaproteobacteria|Rickettsiales|Anaplasmataceae|Anaplasma	0	0.0173596042010242	0	0	0.0302823832235597	0.0251593425025159	0.00928332714444857	0.0285523936423337	0	0	0.00886132033673017	0.0287769784172662	0	0.0252759288903867	0.0358230342109977	0.0173175166681098	0	0.0171732783788425
Bacteria|Proteobacteria|Alphaproteobacteria|Sneathiellales|Sneathiellaceae|Ferrovibrio	0.0744255279560889	0.0694384168040969	0.0852184691664084	0.0400064010241639	0.0757059580588992	0.0838644750083864	0.0928332714444857	0.10469211002189	0.0456495937186159	0.063653723742839	0.115197164377492	0.143884892086331	0.14622398073284	0.101103715561547	0.0895575855274942	0.268421508355702	0.133689839572193	0.154559505409583
Bacteria|Proteobacteria|Alphaproteobacteria|Sneathiellales|Sneathiellaceae|Marinibaculum	0.0558191459670667	0.00867980210051211	0	0.0240038406144983	0.0227117874176698	0.0251593425025159	0.0742666171555886	0.0190349290948891	0.0639094312060623	0.0181867782122397	0.0177226406734603	0.0191846522781775	0.0430070531567177	0.0168506192602578	0.0268672756582483	0.0779288250064941	0.00835561497326203	0.00858663918942126
Bacteria|Proteobacteria|Alphaproteobacteria|Sphingomonadales|Erythrobacteraceae|Altererythrobacter	0.223276583868267	0.156236437809218	0.185931205453982	0.208033285325652	0.363388598682716	0.285139215028514	0.269216487189009	0.361663652802893	0.17346845613074	0.227334727652996	0.230394328754985	0.15347721822542	0.0946155169447789	0.235908669643609	0.295540032240731	0.207810200017318	0.325868983957219	0.180319422977846
Bacteria|Proteobacteria|Alphaproteobacteria|Sphingomonadales|Erythrobacteraceae|Novosphingobium	0.0837287189506001	0.0954778231056332	0.131701270529904	0.0800128020483277	0.113558937088349	0.234820530023482	0.139249907166729	0.142761968211668	0.0365196749748927	0.0545603346367191	0.106335844040762	0.0959232613908873	0.0516084637880612	0.0674024770410313	0.0985133440802436	0.086587583340549	0.0334224598930481	0.128799587841319
Bacteria|Proteobacteria|Alphaproteobacteria|Sphingomonadales|Sphingomonadaceae|Sphingomonas	1.4233882221602	1.56236437809218	2.28540440037186	2.40038406144983	2.23332576273753	1.9959745051996	1.20683252877831	0.85657180927001	0.97690130557838	0.918432299718105	1.01905183872397	1.50599520383693	0.748322724926888	1.34804954082063	0.877664338169443	1.54125898346177	1.04445187165775	1.03039670273055
Bacteria|Proteobacteria|Alphaproteobacteria|Sphingomonadales|Sphingomonadaceae|Sphingopyxis	0.269792538840822	0.295113271417412	0.890920359466997	0.448071691470635	1.04474222121281	0.528346192552835	0.297066468622354	0.456838298277339	0.136948781155848	0.445576066199873	0.638015064244572	0.306954436450839	0.301049372097024	0.193782121492965	0.259716998029733	0.355009091696251	0.752005347593583	0.377812124334535
Bacteria|Proteobacteria|Alphaproteobacteria|Sphingomonadales|Sphingomonadaceae|Unassigned	0.0744255279560889	0.0347192084020484	0.0464828013634955	0	0.0151411916117798	0	0.0371333085777943	0.0761397163795565	0.0182598374874464	0.00909338910611985	0.0265839610101905	0.0383693045563549	0.0172028212626871	0.00842530963012891	0.0447787927637471	0.0432937916702745	0.00835561497326203	0.0429331959471063
Bacteria|Proteobacteria|Alphaproteobacteria|Sphingomonadales|Unassigned|Unassigned	0.0372127639780445	0.00867980210051211	0.0154942671211652	0	0.0151411916117798	0	0.06498329001114	0	0.0182598374874464	0.0181867782122397	0.0354452813469207	0.0287769784172662	0.00860141063134354	0.0168506192602578	0.00895575855274942	0.0692700666724392	0.00835561497326203	0.00858663918942126
Bacteria|Proteobacteria|Alphaproteobacteria|Unassigned|Unassigned|Unassigned	0.548888268676156	0.564187136533287	0.232414006817478	0.992158745399264	0.514800514800515	0.478027507547803	0.58484961010026	0.475873227372228	0.419976262211266	0.563790124579431	0.629153743907842	0.633093525179856	0.481678995355238	0.648748841519926	0.859752821063944	0.415620400034635	0.434491978609626	0.463678516228748
Bacteria|Proteobacteria|Betaproteobacteria|Burkholderiales|Alcaligenaceae|Azohydromonas	0.0372127639780445	0.0173596042010242	0.0154942671211652	0.0240038406144983	0.181694299341358	0.0251593425025159	0.0835499443000371	0.0285523936423337	0.219118049849356	0.163681003910157	0.363314133805937	0.0287769784172662	0.223636676414932	0.0589771674109024	0.259716998029733	0.0779288250064941	0.00835561497326203	0.0257599175682638
Bacteria|Proteobacteria|Betaproteobacteria|Burkholderiales|Alcaligenaceae|Bordetella	0.0372127639780445	0	0.0387356678029129	0.00800128020483277	0.0151411916117798	0	0.0371333085777943	0.161796897306558	0	0.309175229608075	0.0265839610101905	0.134292565947242	0.00860141063134354	0.00842530963012891	0.00895575855274942	0.0173175166681098	0	0.00858663918942126
Bacteria|Proteobacteria|Betaproteobacteria|Burkholderiales|Alcaligenaceae|Unassigned	0.381430830774956	0.16491623990973	0.488069414316703	0.136021763482157	0.0454235748353395	0.167728950016773	0.287783141477906	0.161796897306558	0.182598374874464	0.281895062289715	0.443066016836509	0.345323741007194	0.163426801995527	0.202207431123094	0.268672756582483	0.181833925015153	0.108622994652406	0.249012536493217
Bacteria|Proteobacteria|Betaproteobacteria|Burkholderiales|Burkholderiaceae|Chitinimonas	0.130244673923156	0.156236437809218	0.247908273938643	0.072011521843495	0.0151411916117798	0.109023817510902	0.176383215744523	0.161796897306558	0.118688943668401	0.0818405019550787	0.124058484714222	0.23021582733813	0.0860141063134354	0.0758277866711602	0.134336378291241	0.0692700666724392	0.158756684491979	0.163146144599004
Bacteria|Proteobacteria|Betaproteobacteria|Burkholderiales|Burkholderiaceae|Cupriavidus	0.0651223369615778	0.0520788126030726	0.0387356678029129	0.152024323891823	0.0454235748353395	0.276752767527675	0.139249907166729	0.0761397163795565	0.100429106180955	0.0727471128489588	0.106335844040762	0.163069544364508	0.0516084637880612	0.0758277866711602	0.0537345513164965	0.121222616676769	0.0919117647058824	0.120212948651898
Bacteria|Proteobacteria|Betaproteobacteria|Burkholderiales|Burkholderiaceae|Paraburkholderia	0.0372127639780445	0.0173596042010242	0.0774713356058259	0.0560089614338294	0.0454235748353395	0.0335457900033546	0.0185666542888971	0	0.0547795124623391	0.0545603346367191	0.053167922020381	0.0383693045563549	0.0258042318940306	0.0674024770410313	0.0179115171054988	0.0259762750021647	0.0835561497326203	0.0429331959471063
Bacteria|Proteobacteria|Betaproteobacteria|Burkholderiales|Burkholderiaceae|Unassigned	0.0930319099451112	0.0520788126030726	0.0309885342423303	0.0400064010241639	0.0302823832235597	0.0251593425025159	0.0742666171555886	0.10469211002189	0.0730393499497854	0.0909338910611985	0.124058484714222	0.0959232613908873	0.0946155169447789	0.092678405931418	0.0806018269747448	0.0346350333362196	0.116978609625668	0.0772797527047913
Bacteria|Proteobacteria|Betaproteobacteria|Burkholderiales|Burkholderiales_incertae_sedis|Paucibacter	0.0279095729835334	0.0954778231056332	0.557793616361946	0.168026884301488	0.0605647664471194	0.142569607514257	0.157816561455626	0.0761397163795565	0.100429106180955	0.063653723742839	0.053167922020381	0.00959232613908873	0.0344056425253742	0.0842530963012891	0.0985133440802436	0.0346350333362196	0.0668449197860962	0.0858663918942126
Bacteria|Proteobacteria|Betaproteobacteria|Burkholderiales|Comamonadaceae|Acidovorax	0.0372127639780445	0	0.108459869848156	0.00800128020483277	0.0378529790294496	0.12579671251258	0.0278499814333457	0.0380698581897782	0.0639094312060623	0.063653723742839	0.0354452813469207	0.00959232613908873	0.197832444520901	0.0589771674109024	0	0.0259762750021647	0.0501336898395722	0.0257599175682638
Bacteria|Proteobacteria|Betaproteobacteria|Burkholderiales|Comamonadaceae|Aquabacterium	0.493069122709089	0.416630500824581	0.604276417725442	0.680108817410786	0.794912559618442	0.612210667561221	0.891199405867063	0.523460550109451	0.556925043367114	0.772938074020187	0.788657509968985	0.661870503597122	0.576294512300017	0.977335917094953	1.13738133619918	0.952463416746039	0.743649732620321	0.686931135153701
Bacteria|Proteobacteria|Betaproteobacteria|Burkholderiales|Comamonadaceae|Aquincola	10.0939622290446	6.3796545438764	10.2339634335296	9.87357977276364	13.5362253009312	9.35927541093593	3.90828072781285	2.94089654516037	5.66054962110837	6.07438392288806	5.2281789986708	4.23980815347722	6.10700154825391	7.70915831156795	4.42414472505821	5.5675816087973	6.58422459893048	5.89902112313241
Bacteria|Proteobacteria|Betaproteobacteria|Burkholderiales|Comamonadaceae|Hydrogenophaga	0.0744255279560889	0.130197031507682	0.0774713356058258	0.104016642662826	0.0757059580588992	0.226434082522643	0.12996658002228	0.0571047872846674	0.0912991874372318	0.0545603346367191	0.159503766061143	0.0767386091127098	0.0516084637880612	0.0674024770410313	0.107469102632993	0.0779288250064941	0.0668449197860963	0.0601064743259488
Bacteria|Proteobacteria|Betaproteobacteria|Burkholderiales|Comamonadaceae|Ideonella	1.71178714299005	1.10233486676504	1.18531143476914	1.24019843174908	1.10530698765993	1.77792687017779	1.6060155959896	1.1325782811459	1.4973066739706	1.86414476675457	1.39122729286664	1.49640287769784	1.42783416480303	1.70191254528604	1.76428443489164	1.28149623344012	1.03609625668449	1.32234243517087
Bacteria|Proteobacteria|Betaproteobacteria|Burkholderiales|Comamonadaceae|Piscinibacter	4.2701646664806	3.68023609061713	3.72637124264022	4.51272203552568	6.34415928533576	4.88091244548809	2.50649832900111	2.66489007328448	3.24112115402173	3.35546058015822	3.34957908728401	2.61870503597122	3.62979528642697	4.33060914988626	3.95844528031524	4.51987185037666	3.61798128342246	3.74377468658767
Bacteria|Proteobacteria|Betaproteobacteria|Burkholderiales|Comamonadaceae|Polaromonas	0.697739324588334	0.381911292422533	0.402850945150294	0.416066570651304	0.401241577712166	0.545119087554512	0.297066468622354	0.33311125916056	0.447366018442436	0.454669455305993	0.49623393885689	0.6810551558753	0.361259246516429	0.564495745218637	0.528389754612216	1.21222616676769	0.518048128342246	0.403572041902799
Bacteria|Proteobacteria|Betaproteobacteria|Burkholderiales|Comamonadaceae|Ramlibacter	0.5861010326542	0.61626594913636	0.44933374651379	0.400064010241639	0.605647664471194	0.654142905065414	0.399183067211289	0.276006471875892	0.529535287135944	0.491043011730472	0.407620735489588	0.633093525179856	0.258042318940306	0.438116100766703	0.429876410531972	0.502207983375184	0.334224598930481	0.291945732440323
Bacteria|Proteobacteria|Betaproteobacteria|Burkholderiales|Comamonadaceae|Rhizobacter	7.00530281886687	3.0813297456818	4.53207313294081	4.70475276044167	7.44946627299568	4.3609527004361	4.11251392499072	3.46435709526982	4.83885693417329	5.40147312903519	4.99778466991582	3.76019184652278	6.17581283330466	9.55430112056618	5.23911875335841	5.52428781712702	6.98529411764706	5.0489438433797
Bacteria|Proteobacteria|Betaproteobacteria|Burkholderiales|Comamonadaceae|Unassigned	0.651223369615778	0.338512281919972	0.464828013634955	0.52008321331413	1.16587175410705	0.55350553505535	0.631266245822503	0.571047872846674	0.474755774673605	0.854778575975266	0.788657509968985	0.623501199040767	0.430070531567177	0.446541410396832	0.698549167114455	0.701359425058447	0.45120320855615	0.772797527047913
Bacteria|Proteobacteria|Betaproteobacteria|Burkholderiales|Comamonadaceae|Variovorax	1.8420318169132	1.57104418019269	1.87480632166099	1.94431108977436	2.84654402301461	2.39852398523985	1.49461567025622	2.41743599505092	2.89418424176025	1.91870510139129	2.80017722640673	1.79376498800959	2.02993290899708	1.69348723565591	2.43596632634784	2.26859468352238	2.92446524064171	2.69620470547828
Bacteria|Proteobacteria|Betaproteobacteria|Burkholderiales|Oxalobacteraceae|Duganella	0.818680807516978	0.251714260914851	0.348621010226216	0.312049927988478	0.719206601559543	0.536732640053673	0.139249907166729	0.085657180927001	0.283027481055419	0.181867782122397	0.124058484714222	0.0767386091127098	0.395664889041803	0.261184598533996	0.179115171054988	0.138540133344878	0.250668449197861	0.257599175682638
Bacteria|Proteobacteria|Betaproteobacteria|Burkholderiales|Oxalobacteraceae|Janthinobacterium	0.893106335473067	0.520788126030727	0.526805082119616	0.904144663146103	0.94632447573624	1.26635357262664	0.167099888600074	0.161796897306558	0.438236099698713	0.227334727652996	0.425343376163048	0.460431654676259	0.430070531567177	0.446541410396832	0.331363066451728	0.476231708373019	0.53475935828877	0.412158681092221
Bacteria|Proteobacteria|Betaproteobacteria|Burkholderiales|Oxalobacteraceae|Massilia	1.31174993022607	1.2932905129763	0.89866749302758	1.84029444711154	1.02960102960103	2.53270714525327	0.686966208689194	0.466355762824783	0.931251711859765	0.563790124579431	0.983606557377049	2.29256594724221	0.842938241871667	0.960485297834695	0.886620096722192	0.588795566715733	1.43716577540107	0.592478104070067
Bacteria|Proteobacteria|Betaproteobacteria|Burkholderiales|Oxalobacteraceae|Noviherbaspirillum	1.44199460414922	1.69256140959986	1.22404710257205	1.38422147543607	3.02066772655008	1.5850385776585	2.98923134051244	2.19853431045969	1.16862959919657	2.18241338546876	1.59503766061143	0.90167865707434	2.31377945983141	2.28325890976493	2.48074511911159	1.99151441683263	1.28676470588235	2.53305856087927
Bacteria|Proteobacteria|Betaproteobacteria|Burkholderiales|Oxalobacteraceae|Pseudoduganella	1.85133500790771	0.894019616352747	0.960644561512241	2.89646343414946	1.96835490953138	3.06943978530694	0.621982918678054	0.466355762824783	2.56550716698621	1.62771664999545	1.07221976074435	1.21822541966427	2.59762601066575	4.1958041958042	1.16424861185742	1.65382284180449	1.59592245989305	1.30516915679203
Bacteria|Proteobacteria|Betaproteobacteria|Burkholderiales|Oxalobacteraceae|Unassigned	0.558191459670667	0.321152677718948	0.379609544468547	0.832133141302609	0.461806344159285	0.746393827574639	0.250649832900111	0.20938422004378	0.237377887336803	0.327362007820315	0.239255649091715	0.258992805755396	0.335455014622398	0.294885837054512	0.241805480924234	0.337691575028141	0.350935828877005	0.249012536493217
Bacteria|Proteobacteria|Betaproteobacteria|Burkholderiales|Oxalobacteraceae|Undibacterium	0.232579774862778	0.0433990105025605	0.0852184691664084	0.160025604096655	0.257400257400257	0.142569607514257	0.00928332714444857	0.0475873227372228	0.136948781155848	0.0727471128489588	0.0177226406734603	0.0671462829736211	0.129021159470153	0.0758277866711602	0.0716460684219953	0.147198891678933	0.259024064171123	0.0429331959471063
Bacteria|Proteobacteria|Betaproteobacteria|Burkholderiales|Unassigned|Unassigned	0.158154246906689	0.156236437809218	0.108459869848156	0.104016642662826	0.0681353622530093	0.0838644750083865	0.25993316004456	0.123727039116779	0.146078699899571	0.118214058379558	0.132919805050953	0.15347721822542	0.12041974883881	0.15165557334232	0.250761239476984	0.121222616676769	0.133689839572192	0.214665979735532
Bacteria|Proteobacteria|Betaproteobacteria|Neisseriales|Chromobacteriaceae|Unassigned	0.00930319099451112	0.00867980210051211	0	0.00800128020483277	0.0151411916117798	0.0335457900033546	0.0278499814333457	0.0190349290948891	0.0182598374874464	0	0.0265839610101905	0.0191846522781775	0.0172028212626871	0.0421265481506445	0.0179115171054988	0	0.00835561497326203	0.00858663918942126
Bacteria|Proteobacteria|Betaproteobacteria|Nitrosomonadales|Methylophilaceae|Novimethylophilus	0.204670201879245	0.260394063015363	0.170436938332817	0.168026884301488	0.287682640623817	0.293525662529353	0.139249907166729	0.152279432759113	0.255637724824249	0.245521505865236	0.203810367744794	0.115107913669065	0.275245140202993	0.269609908164125	0.45674368619022	0.251103991687592	0.250668449197861	0.214665979735532
Bacteria|Proteobacteria|Betaproteobacteria|Nitrosomonadales|Methylophilaceae|Pseudomethylobacillus	0.0372127639780445	0.138876833608194	0.00774713356058258	0.0240038406144983	0.158982511923688	0.268366320026837	0.0464166357222428	0.20938422004378	0.0273897562311695	0.0454669455305993	0.0620292423571112	0.0383693045563549	0.0172028212626871	0.134804954082063	0.125380619738492	0.0606113083383843	0.0167112299465241	0.034346556757685
Bacteria|Proteobacteria|Betaproteobacteria|Nitrosomonadales|Thiobacillaceae|Unassigned	0.0186063819890222	0.0260394063015363	0.0154942671211652	0	0.00757059580588992	0.00838644750083864	0.0278499814333457	0.00951746454744456	0.00912991874372318	0.00909338910611985	0.0443066016836509	0.0479616306954436	0.0516084637880612	0.00842530963012891	0.0358230342109977	0.0259762750021647	0.0167112299465241	0.0429331959471063
Bacteria|Proteobacteria|Betaproteobacteria|Nitrosomonadales|Unassigned|Unassigned	0	0.0173596042010242	0.00774713356058258	0	0.00757059580588992	0.00838644750083864	0.00928332714444857	0	0.0273897562311695	0.00909338910611985	0	0.0191846522781775	0.00860141063134354	0	0.0179115171054988	0	0.0167112299465241	0.0429331959471063
Bacteria|Proteobacteria|Betaproteobacteria|Rhodocyclales|Rhodocyclaceae|Niveibacterium	0.00930319099451112	0.0173596042010242	0.00774713356058258	0.0160025604096655	0.00757059580588992	0.0503186850050319	0.06498329001114	0.0190349290948891	0.0273897562311695	0.0181867782122397	0.0265839610101905	0.0383693045563549	0.0172028212626871	0.0421265481506445	0.0537345513164965	0.0259762750021647	0.00835561497326203	0.00858663918942126
Bacteria|Proteobacteria|Betaproteobacteria|Rhodocyclales|Rhodocyclaceae|Oryzomicrobium	0.00930319099451112	0.0173596042010242	0.0232414006817478	0.0240038406144983	0.0227117874176698	0.0335457900033546	0.0556999628666914	0.0190349290948891	0.0273897562311695	0.0272801673183596	0.0265839610101905	0.0383693045563549	0.0258042318940306	0	0	0.0346350333362196	0	0.0171732783788425
Bacteria|Proteobacteria|Betaproteobacteria|Rhodocyclales|Zoogloeaceae|Thauera	0.0465159549725556	0.0260394063015363	0.00774713356058258	0.00800128020483277	0.0151411916117798	0.0335457900033546	0.0371333085777943	0.0285523936423337	0.0639094312060623	0.0454669455305993	0.0354452813469207	0.0575539568345324	0.0430070531567177	0.00842530963012891	0.0358230342109977	0.0432937916702745	0.0334224598930481	0.034346556757685
Bacteria|Proteobacteria|Betaproteobacteria|Rhodocyclales|Zoogloeaceae|Uliginosibacterium	0.0279095729835334	0.0607586147035848	0	0.00800128020483277	0.0151411916117798	0.0419322375041932	0.0464166357222429	0.0285523936423337	0.0273897562311695	0.00909338910611985	0.0354452813469207	0.0287769784172662	0.0172028212626871	0.0421265481506445	0.0268672756582483	0.0173175166681098	0.00835561497326203	0
Bacteria|Proteobacteria|Betaproteobacteria|Unassigned|Unassigned|Unassigned	0.0558191459670667	0.112837427306657	0.0542299349240781	0.0960153624579933	0.0454235748353395	0.0503186850050319	0.139249907166729	0.114209574569335	0.0639094312060623	0.063653723742839	0.053167922020381	0.15347721822542	0.0516084637880612	0.0589771674109024	0.125380619738492	0.103905100008659	0.0501336898395722	0.180319422977846
Bacteria|Proteobacteria|Deltaproteobacteria|Deltaproteobacteria_incertae_sedis|Unassigned|Dissulfurimicrobium	0.0372127639780445	0.0347192084020484	0.00774713356058258	0.0160025604096655	0.0529941706412295	0.0251593425025159	0	0	0	0.00909338910611985	0.00886132033673017	0	0	0.00842530963012891	0	0	0	0.0171732783788425
Bacteria|Proteobacteria|Deltaproteobacteria|Desulfovibrionales|Desulfomicrobiaceae|Desulfomicrobium	0.0279095729835334	0.0433990105025605	0.0232414006817478	0.0640102416386622	0.00757059580588992	0.0419322375041932	0.0556999628666914	0.0380698581897782	0.0365196749748927	0.0272801673183596	0.0443066016836509	0.0383693045563549	0.0344056425253742	0.0674024770410313	0.0268672756582483	0.0346350333362196	0.00835561497326203	0.00858663918942126
Bacteria|Proteobacteria|Deltaproteobacteria|Desulfovibrionales|Desulfovibrionaceae|Unassigned	0.0465159549725556	0.0173596042010242	0	0	0	0	0.00928332714444857	0.00951746454744456	0	0.0181867782122397	0.00886132033673017	0.0191846522781775	0	0.00842530963012891	0.0358230342109977	0.0173175166681098	0	0.0171732783788425
Bacteria|Proteobacteria|Deltaproteobacteria|Desulfuromonadales|Desulfuromonadaceae|Desulfuromonas	0.0744255279560889	0.112837427306657	0.0619770684846607	0.0800128020483277	0.0454235748353395	0.0670915800067091	0.148533234311177	0.114209574569335	0.109559024924678	0.100027280167318	0.159503766061143	0.182254196642686	0.129021159470153	0.092678405931418	0.16120365394949	0.0779288250064941	0.100267379679144	0.171732783788425
Bacteria|Proteobacteria|Deltaproteobacteria|Desulfuromonadales|Geobacteraceae|Geomonas	0.539585077681645	0.381911292422533	0.457080880074372	0.400064010241639	0.386100386100386	0.327071452532707	0.58484961010026	0.466355762824783	0.392586505980097	0.372828953350914	0.52281789986708	0.613908872901679	0.378462067779116	0.438116100766703	0.474655203295719	0.432937916702745	0.476270053475936	0.455091877039327
Bacteria|Proteobacteria|Deltaproteobacteria|Myxococcales|Anaeromyxobacteraceae|Anaeromyxobacter	0.2511861568518	0.0867980210051211	0.216919739696312	0.28804608737398	0.257400257400257	0.234820530023482	0.157816561455626	0.152279432759113	0.42910618095499	0.281895062289715	0.256978289765175	0.297362110311751	0.29244796146568	0.412840171876316	0.31345154934623	0.329032816694086	0.300802139037433	0.41215868109222
Bacteria|Proteobacteria|Deltaproteobacteria|Myxococcales|Cystobacteraceae|Archangium	0.0279095729835334	0	0.0309885342423303	0.00800128020483277	0.0151411916117798	0.00838644750083864	0.0185666542888971	0.00951746454744456	0.0273897562311695	0	0.0354452813469207	0.0287769784172662	0.00860141063134354	0	0.0179115171054988	0.0173175166681098	0.0167112299465241	0.0429331959471063
Bacteria|Proteobacteria|Deltaproteobacteria|Myxococcales|Cystobacteraceae|Vitiosangium	0.0744255279560889	0.0607586147035848	0.0232414006817478	0.0240038406144983	0.0151411916117798	0.0503186850050319	0.12996658002228	0.190349290948891	0.0547795124623391	0.0727471128489588	0.0886132033673017	0.105515587529976	0.0688112850507483	0.0421265481506445	0.125380619738492	0.103905100008659	0.0417780748663102	0.103039670273055
Bacteria|Proteobacteria|Deltaproteobacteria|Myxococcales|Myxococcaceae|Corallococcus	0.204670201879245	0.138876833608194	0.092965602726991	0.0480076812289966	0.0908471496706791	0.0838644750083865	0.176383215744523	0.228419149138669	0.182598374874464	0.281895062289715	0.194949047408064	0.211031175059952	0.163426801995527	0.252759288903867	0.16120365394949	0.147198891678933	0.0752005347593583	0.128799587841319
Bacteria|Proteobacteria|Deltaproteobacteria|Myxococcales|Myxococcaceae|Unassigned	0.00930319099451112	0.00867980210051211	0.0309885342423303	0	0.0302823832235597	0	0.0278499814333457	0.00951746454744456	0	0.00909338910611985	0.00886132033673017	0.00959232613908873	0.00860141063134354	0	0	0.0086587583340549	0.0167112299465241	0.0257599175682638
Bacteria|Proteobacteria|Deltaproteobacteria|Myxococcales|Nannocystaceae|Nannocystis	0.269792538840822	0.12151722940717	0.178184071893399	0.216034565530485	0.113558937088349	0.259979872525998	0.334199777200149	0.161796897306558	0.301287318542865	0.254614894971356	0.248116969428445	0.287769784172662	0.326853603991055	0.404414862246188	0.376141859215476	0.38964412503247	0.376002673796791	0.352052206766272
Bacteria|Proteobacteria|Deltaproteobacteria|Myxococcales|Polyangiaceae|Aetherobacter	0.558191459670667	0.347192084020484	0.542299349240781	0.272043526964314	0.242259065788478	0.394163032539416	0.538432974378017	0.237936613686114	0.319547156030311	0.418295898881513	0.540540540540541	0.537170263788969	0.464476174092551	0.438116100766703	0.582124305928712	0.363667850030306	0.376002673796791	0.686931135153701
Bacteria|Proteobacteria|Deltaproteobacteria|Myxococcales|Polyangiaceae|Racemicystis	1.36756907619313	0.78118218904609	0.573287883483111	0.888142102736438	0.431523960935726	0.721234485072123	1.50389899740067	0.98029884838679	1.32383821783986	1.1457670273711	1.0279131590607	1.06474820143885	0.756924135558232	0.564495745218637	0.859752821063944	0.839899558403325	0.777072192513369	0.824317362184441
Bacteria|Proteobacteria|Deltaproteobacteria|Myxococcales|Polyangiaceae|Unassigned	0.427946785747511	0.555507334432775	0.216919739696312	0.304048647783645	0.0757059580588992	1.31667225763167	0.334199777200149	0.228419149138669	0.191728293618187	0.472856233518232	0.301284891448826	0.460431654676259	0.283846550834337	0.126379644451934	0.573168547375963	0.268421508355702	0.158756684491979	0.180319422977846
Bacteria|Proteobacteria|Deltaproteobacteria|Myxococcales|Unassigned|Unassigned	0.0558191459670667	0.104157625206145	0.255655407499225	0.176028164506321	0.0454235748353395	0.0251593425025159	0.12996658002228	0.0951746454744456	0.109559024924678	0.136400836591798	0.0620292423571112	0.15347721822542	0.137622570101497	0.092678405931418	0.16120365394949	0.0606113083383843	0.100267379679144	0.128799587841319
Bacteria|Proteobacteria|Deltaproteobacteria|Unassigned|Unassigned|Unassigned	0.874499953484045	0.920059022654284	0.317632475983886	0.368058889422308	0.416382769323946	0.830258302583026	0.984032677311548	0.885124202912344	0.648224230804346	0.827498408656906	0.859548072662827	0.863309352517986	0.455874763461208	0.513943887437863	0.967221923696937	0.458914191704909	0.526403743315508	0.875837197320969
Bacteria|Proteobacteria|Gammaproteobacteria|Acidiferrobacterales|Acidiferrobacteraceae|Sulfurifustis	0.0186063819890222	0.0173596042010242	0.00774713356058258	0	0	0	0.0278499814333457	0.0571047872846674	0.00912991874372318	0.0363735564244794	0.0354452813469207	0.0191846522781775	0	0.00842530963012891	0.0447787927637471	0.0606113083383843	0	0.0171732783788425
Bacteria|Proteobacteria|Gammaproteobacteria|Alteromonadales|Alteromonadaceae|Unassigned	0.0465159549725556	0	0.0309885342423303	0.0240038406144983	0.0908471496706791	0.0503186850050319	0.0464166357222429	0.00951746454744456	0.100429106180955	0.0727471128489588	0.0443066016836509	0.0383693045563549	0.103216927576122	0.0758277866711602	0.0537345513164965	0.086587583340549	0.0501336898395722	0.0257599175682638
Bacteria|Proteobacteria|Gammaproteobacteria|Alteromonadales|Unassigned|Unassigned	0.130244673923156	0.0607586147035848	0.0852184691664084	0.104016642662826	0.166553107729578	0.0922509225092251	0.0928332714444857	0.0571047872846674	0.109559024924678	0.154587614804037	0.0974745237040319	0.0671462829736211	0.180629623258214	0.176931502232707	0.0806018269747448	0.0779288250064941	0.150401069518717	0.128799587841319
Bacteria|Proteobacteria|Gammaproteobacteria|Cellvibrionales|Cellvibrionaceae|Cellvibrio	0.120941482928645	0.0260394063015363	0.0542299349240781	0.0480076812289966	0.0378529790294496	0.0251593425025159	0.111399925733383	0.285523936423337	0.629964393316899	0.381922342457034	0.0443066016836509	0.0383693045563549	0.29244796146568	0.0842530963012891	0.0716460684219953	0.0432937916702745	0.0334224598930481	0.0858663918942126
Bacteria|Proteobacteria|Gammaproteobacteria|Chromatiales|Ectothiorhodospiraceae|Acidihalobacter	0.00930319099451112	0	0.0232414006817478	0	0.00757059580588992	0.0167728950016773	0.0371333085777943	0.0285523936423337	0.00912991874372318	0.0181867782122397	0.0177226406734603	0.0191846522781775	0.00860141063134354	0	0.0447787927637471	0.0086587583340549	0.0167112299465241	0.00858663918942126
Bacteria|Proteobacteria|Gammaproteobacteria|Chromatiales|Ectothiorhodospiraceae|Spiribacter	0.0279095729835334	0.0260394063015363	0.0154942671211652	0.0240038406144983	0	0.0251593425025159	0.0278499814333457	0.0380698581897782	0.0273897562311695	0.0363735564244794	0	0.0287769784172662	0.00860141063134354	0.00842530963012891	0.0179115171054988	0.0259762750021647	0	0.034346556757685
Bacteria|Proteobacteria|Gammaproteobacteria|Chromatiales|Ectothiorhodospiraceae|Unassigned	0.158154246906689	0.190955646211266	0.139448404090487	0.072011521843495	0.0302823832235597	0.0754780275075478	0.278499814333457	0.123727039116779	0.209988131105633	0.0909338910611985	0.141781125387683	0.306954436450839	0.172028212626871	0.0421265481506445	0.16120365394949	0.0779288250064941	0.0835561497326203	0.180319422977846
Bacteria|Proteobacteria|Gammaproteobacteria|Chromatiales|Unassigned|Unassigned	0.102335100939622	0.0954778231056332	0.0542299349240781	0.072011521843495	0.0378529790294496	0.0670915800067091	0.111399925733383	0.085657180927001	0.0730393499497854	0.0545603346367191	0.115197164377492	0.0959232613908873	0.0602098744194048	0.0505518577807734	0.107469102632993	0.086587583340549	0.0919117647058823	0.0515198351365276
Bacteria|Proteobacteria|Gammaproteobacteria|Chromatiales|Woeseiaceae|Woeseia	0.158154246906689	0.112837427306657	0.0619770684846607	0.0400064010241639	0.0605647664471194	0.0587051325058705	0.06498329001114	0.0475873227372228	0.0821692686935086	0.0727471128489588	0.0708905626938414	0.0575539568345324	0.0774126956820919	0.101103715561547	0.0806018269747448	0.147198891678933	0.0752005347593583	0.0686931135153701
Bacteria|Proteobacteria|Gammaproteobacteria|Enterobacterales|Enterobacteriaceae|Siccibacter	0	0	0.00774713356058258	0	0	0	0.686966208689194	0	0	0	0	0	0	0	0	0	0	0
Bacteria|Proteobacteria|Gammaproteobacteria|Gammaproteobacteria_incertae_sedis|Unassigned|Acidibacter	2.03739882779793	1.75332002430345	1.47195537651069	1.34421507441191	1.34756605344841	1.57665213015767	3.04493130337913	1.89397544494147	2.01771204236282	1.97326543602801	2.48116969428445	2.82014388489209	1.68587648374333	1.86199342825849	3.0449579079348	2.41579357520132	1.93014705882353	2.7477245406148
Bacteria|Proteobacteria|Gammaproteobacteria|Gammaproteobacteria_incertae_sedis|Unassigned|Unassigned	0.0279095729835334	0.0347192084020484	0.0542299349240781	0.0880140822531605	0.0757059580588992	0.0419322375041932	0	0.0380698581897782	0.0182598374874464	0.0272801673183596	0.0354452813469207	0.0479616306954436	0.0516084637880612	0.0589771674109024	0.0268672756582483	0.0346350333362196	0.0501336898395722	0.0429331959471063
Bacteria|Proteobacteria|Gammaproteobacteria|Nevskiales|Nevskiaceae|Nevskia	1.23732440226998	1.0762954604635	0.828943290982337	0.984157465194431	0.408812173518056	0.947668567594767	1.63386557742295	1.17064813933568	1.36035789281475	1.0548331363099	1.36464333185645	1.43884892086331	0.911749526922415	1.28064706377959	1.31649650725416	1.37674257511473	1.22827540106952	1.57994161085351
Bacteria|Proteobacteria|Gammaproteobacteria|Nevskiales|Nevskiaceae|Stenotrophobium	0.111638291934133	0.138876833608194	0.131701270529904	0.160025604096655	0.0681353622530093	0.142569607514257	0.213516524322317	0.171314361854002	0.22824796859308	0.127307447485678	0.159503766061143	0.239808153477218	0.14622398073284	0.101103715561547	0.214938205265986	0.086587583340549	0.142045454545455	0.214665979735532
Bacteria|Proteobacteria|Gammaproteobacteria|Nevskiales|Nevskiaceae|Unassigned	0.0186063819890222	0.0433990105025605	0.00774713356058258	0.0560089614338294	0	0.0503186850050319	0.102116598588934	0.0380698581897782	0.0456495937186159	0.0454669455305993	0.0265839610101905	0.0671462829736211	0.0258042318940306	0.0168506192602578	0.0626903098692459	0.0519525500043294	0.0167112299465241	0.0944530310836339
Bacteria|Proteobacteria|Gammaproteobacteria|Pseudomonadales|Moraxellaceae|Unassigned	0.0279095729835334	0.0347192084020484	0.0232414006817478	0.0240038406144983	0.128700128700129	0.00838644750083864	0.0185666542888971	0.0475873227372228	0.0273897562311695	0.0727471128489588	0.0443066016836509	0.0671462829736211	0.0688112850507483	0.0337012385205156	0.0537345513164965	0.0346350333362196	0.0167112299465241	0.0686931135153701
Bacteria|Proteobacteria|Gammaproteobacteria|Pseudomonadales|Pseudomonadaceae|Pseudomonas	0.353521257791422	0.251714260914851	0.224666873256895	0.28804608737398	1.18858354152472	0.327071452532707	0.84478277014482	2.27467402683925	0.392586505980097	2.18241338546876	1.24058484714222	2.05275779376499	0.14622398073284	0.202207431123094	0.46569944474297	0.259762750021647	0.98596256684492	0.566718186501803
Bacteria|Proteobacteria|Gammaproteobacteria|Unassigned|Unassigned|Unassigned	0.362824448785934	0.572866938633799	0.643012085528355	0.256040966554649	0.370959194488606	0.31029855753103	0.761232825844783	0.618635195583896	0.37432666849265	0.536509957261071	0.584847142224191	0.460431654676259	0.378462067779116	0.707726008930828	0.474655203295719	0.623430600051953	0.45120320855615	0.661171217585437
Bacteria|Proteobacteria|Gammaproteobacteria|Xanthomonadales|Rhodanobacteraceae|Dyella	0.0651223369615778	0.0520788126030727	0.0542299349240781	0.0640102416386622	0.113558937088349	0.12579671251258	0.0556999628666914	0.0475873227372228	0.191728293618187	0.0545603346367191	0.0177226406734603	0.0575539568345324	0.137622570101497	0.0842530963012891	0.0537345513164965	0.0346350333362196	0.100267379679144	0.0429331959471063
Bacteria|Proteobacteria|Gammaproteobacteria|Xanthomonadales|Rhodanobacteraceae|Rhodanobacter	0.0465159549725556	0.0433990105025605	0.0542299349240781	0.0320051208193311	0.0378529790294496	0.0419322375041932	0.0371333085777943	0.0761397163795565	0.0182598374874464	0	0.053167922020381	0.0287769784172662	0.0774126956820919	0.0421265481506445	0.0806018269747448	0.0346350333362196	0.0584893048128342	0.13738622703074
Bacteria|Proteobacteria|Gammaproteobacteria|Xanthomonadales|Unassigned|Unassigned	0.139547864917667	0.0520788126030726	0.0387356678029129	0.104016642662826	0.0227117874176698	0.0335457900033546	0.0556999628666914	0.0571047872846674	0.0639094312060623	0.0727471128489588	0.124058484714222	0.0287769784172662	0.0258042318940306	0.109529025191676	0.188070929607738	0.086587583340549	0.0752005347593583	0.0601064743259488
Bacteria|Proteobacteria|Gammaproteobacteria|Xanthomonadales|Xanthomonadaceae|Arenimonas	0.223276583868267	0.16491623990973	0.495816547877285	0.464074251880301	0.484518131576955	0.276752767527675	0.306349795766803	0.190349290948891	0.182598374874464	0.190961171228517	0.575985821887461	0.268585131894484	0.172028212626871	0.286460527424383	0.394053376320974	0.251103991687592	0.342580213903743	0.394985402713378
Bacteria|Proteobacteria|Gammaproteobacteria|Xanthomonadales|Xanthomonadaceae|Coralloluteibacterium	0.0651223369615778	0.0607586147035848	0.0619770684846607	0.0240038406144983	0.0908471496706791	0.100637370010064	0.0835499443000371	0.0475873227372228	0.0273897562311695	0.063653723742839	0.0354452813469207	0.0671462829736211	0.0172028212626871	0.0674024770410313	0.0716460684219953	0.216468958351372	0.0167112299465241	0.0686931135153701
Bacteria|Proteobacteria|Gammaproteobacteria|Xanthomonadales|Xanthomonadaceae|Luteimonas	0.0279095729835334	0.0867980210051211	0.00774713356058258	0.0400064010241639	0.0378529790294496	0.0503186850050319	0.102116598588934	0.10469211002189	0.0456495937186159	0.109120669273438	0.186087727071334	0.163069544364508	0.0344056425253742	0.0505518577807734	0.0626903098692459	0.0173175166681098	0.0835561497326203	0.0429331959471063
Bacteria|Proteobacteria|Gammaproteobacteria|Xanthomonadales|Xanthomonadaceae|Lysobacter	1.0047446274072	0.867980210051211	1.15432290052681	1.43222915666507	1.19615413733061	1.28312646762831	0.733382844411437	0.828019415627677	1.13210992422167	0.936619077930345	1.33805937084626	1.19904076738609	0.885945295028385	1.30592299266998	0.976177682249686	1.56723525846394	1.26169786096257	1.58852825004293
Bacteria|Proteobacteria|Gammaproteobacteria|Xanthomonadales|Xanthomonadaceae|Pseudoxanthomonas	0.539585077681645	0.260394063015363	0.278896808180973	0.464074251880301	0.567794685441744	1.14894330761489	0.297066468622354	0.390216046445227	0.37432666849265	0.427389287987633	0.921577315019938	0.585131894484412	0.318252193359711	0.219058050383352	0.653770374350708	0.337691575028141	0.292446524064171	0.403572041902799
Bacteria|Proteobacteria|Gammaproteobacteria|Xanthomonadales|Xanthomonadaceae|Unassigned	0.148851055912178	0.147556635708706	0.325379609544469	0.480076812289966	0.499659323188735	0.159342502515934	0.297066468622354	0.190349290948891	0.237377887336803	0.245521505865236	0.221533008418254	0.201438848920863	0.369860657147772	0.53921981632825	0.223893963818735	0.346350333362196	0.259024064171123	0.145972866220161
Bacteria|Proteobacteria|Unassigned|Unassigned|Unassigned|Unassigned	1.46990417713276	1.57104418019269	0.704989154013015	0.816130580892943	0.711636005753653	0.947668567594767	1.82881544745637	1.40858475302179	1.47904683648316	1.20942075111394	1.47984049623394	1.51558752997602	1.75468776879408	1.14584210969753	1.62099229804764	1.45467140012122	1.21991978609626	1.78602095139962
Bacteria|Spirochaetes|Spirochaetia|Spirochaetales|Sphaerochaetaceae|Pleomorphochaeta	0.0372127639780445	0.00867980210051211	0.0464828013634955	0.0160025604096655	0.0529941706412295	0.0167728950016773	0.0556999628666914	0.0190349290948891	0.0547795124623391	0.0272801673183596	0.053167922020381	0.0383693045563549	0.00860141063134354	0.0842530963012891	0.0716460684219953	0.0779288250064941	0.0417780748663102	0.111626309462476
Bacteria|Spirochaetes|Spirochaetia|Spirochaetales|Spirochaetaceae|Unassigned	0.0186063819890222	0.0173596042010242	0.0232414006817478	0.0560089614338294	0.0454235748353395	0.0167728950016773	0.0278499814333457	0.0666222518321119	0.0456495937186159	0.118214058379558	0.0708905626938414	0.0479616306954436	0.0344056425253742	0.0842530963012891	0.0358230342109977	0.0692700666724392	0.00835561497326203	0.0772797527047913
Bacteria|Unassigned|Unassigned|Unassigned|Unassigned|Unassigned	0.381430830774956	0.503428521829702	0.178184071893399	0.256040966554649	0.242259065788478	0.301912110030191	0.538432974378017	0.475873227372228	0.456495937186159	0.391015731563154	0.478511298183429	0.556354916067146	0.602098744194048	0.286460527424383	0.340318825004478	0.303056541691921	0.376002673796791	0.300532371629744
Bacteria|Verrucomicrobia|Opitutae|Opitutales|Opitutaceae|Geminisphaera	0	0	0.00774713356058258	0.0160025604096655	0.00757059580588992	0.0251593425025159	0.0185666542888971	0	0.0639094312060623	0.0272801673183596	0.0886132033673017	0.0767386091127098	0.0774126956820919	0.0505518577807734	0.0626903098692459	0.0259762750021647	0.0417780748663102	0.0257599175682638
Bacteria|Verrucomicrobia|Opitutae|Opitutales|Opitutaceae|Lacunisphaera	0.00930319099451112	0	0	0	0	0	0	0.0190349290948891	0.0182598374874464	0.00909338910611985	0.00886132033673017	0.0863309352517986	0.0172028212626871	0.00842530963012891	0.0358230342109977	0.0259762750021647	0	0.0171732783788425
Bacteria|Verrucomicrobia|Opitutae|Opitutales|Opitutaceae|Oleiharenicola	0	0.00867980210051211	0.00774713356058258	0	0.0151411916117798	0	0.00928332714444857	0.00951746454744456	0.0182598374874464	0.0454669455305993	0.053167922020381	0.0671462829736211	0.0344056425253742	0.0252759288903867	0.0447787927637471	0.0259762750021647	0.0167112299465241	0.00858663918942126
Bacteria|Verrucomicrobia|Verrucomicrobiae|Verrucomicrobiales|Akkermansiaceae|Akkermansia	0.0186063819890222	0	0.0154942671211652	0	0.0151411916117798	0.0419322375041932	0.0185666542888971	0.0190349290948891	0.0547795124623391	0.0363735564244794	0.0265839610101905	0.0287769784172662	0.0172028212626871	0.00842530963012891	0.0268672756582483	0.0173175166681098	0.00835561497326203	0.00858663918942126
Bacteria|Verrucomicrobia|Verrucomicrobiae|Verrucomicrobiales|Verrucomicrobiaceae|Luteolibacter	0.0465159549725556	0.0260394063015363	0.0464828013634955	0.00800128020483277	0.00757059580588992	0.00838644750083864	0.0371333085777943	0.0380698581897782	0.0730393499497854	0.0272801673183596	0.115197164377492	0.0767386091127098	0.0344056425253742	0.0589771674109024	0.0537345513164965	0.0432937916702745	0.0250668449197861	0.034346556757685
Bacteria|Verrucomicrobia|Verrucomicrobiae|Verrucomicrobiales|Verrucomicrobiaceae|Phragmitibacter	0.0279095729835334	0.00867980210051211	0.0232414006817478	0	0.0151411916117798	0.0167728950016773	0.120683252877831	0.0285523936423337	0.0639094312060623	0.00909338910611985	0.0443066016836509	0.0767386091127098	0.0344056425253742	0.0168506192602578	0.0268672756582483	0.0692700666724392	0.0167112299465241	0.0257599175682638
