#OTUID	KO1	KO2	KO3	KO4	KO5	KO6	OE1	OE2	OE3	OE4	OE5	OE6	WT1	WT2	WT3	WT4	WT5	WT6
ASV_2	618	358	686	633	763	527	224	157	384	404	316	231	379	470	249	334	431	354
ASV_3	197	158	292	236	340	263	191	147	339	337	279	230	280	534	329	352	351	236
ASV_4	477	120	136	207	357	151	192	184	119	194	182	122	307	399	173	164	325	242
ASV_8	175	168	171	117	53	87	124	177	482	272	191	184	195	233	175	307	138	156
ASV_6	276	198	243	241	404	322	89	96	102	129	129	134	157	157	130	155	140	138
ASV_7	73	40	308	110	325	60	44	414	263	157	57	74	228	262	171	71	167	234
ASV_18	152	299	83	113	70	157	142	127	116	175	215	131	233	186	235	119	192	126
ASV_9	111	242	103	133	59	160	112	142	205	140	188	140	165	100	126	128	218	173
ASV_10	100	109	187	217	278	202	62	62	79	98	123	101	119	173	77	81	166	79
ASV_11	96	127	78	100	145	105	161	125	77	143	97	60	119	151	149	125	90	118
ASV_14	64	54	99	98	155	86	63	166	152	102	158	66	118	88	133	86	162	167
ASV_12	102	108	89	111	120	105	75	65	105	111	105	85	110	162	133	157	85	99
ASV_15	96	136	120	111	106	120	132	99	92	81	116	127	85	72	98	117	100	113
ASV_13	6	39	189	85	41	68	65	254	181	163	115	48	79	82	66	46	153	175
ASV_16	70	68	134	82	40	65	63	86	202	104	70	56	135	99	76	101	228	113
ASV_17	150	90	99	130	121	186	54	38	72	72	75	56	109	82	91	100	85	87
ASV_28	98	101	22	143	37	67	58	105	42	81	88	68	127	129	70	100	138	75
ASV_20	55	128	22	80	53	50	24	56	11	65	33	36	70	90	26	32	473	40
ASV_30	74	70	43	42	21	55	102	61	65	56	80	97	65	65	100	86	62	109
ASV_23	42	40	308	21	4	17	103	61	27	62	59	49	50	10	90	76	66	116
ASV_21	44	109	54	37	29	36	72	70	53	49	61	71	63	96	58	84	121	66
ASV_1276	61	66	77	70	64	69	81	62	44	60	57	78	49	55	73	40	49	60
ASV_29	67	52	48	92	18	77	61	80	77	74	86	56	74	63	66	61	77	33
ASV_22	55	44	140	135	110	71	35	26	43	30	36	53	33	76	36	70	36	39
ASV_113	24	28	5	337	144	9	34	57	24	57	28	31	90	11	34	37	23	59
ASV_26	59	61	44	99	11	8	64	92	94	36	54	44	122	22	48	26	4	197
ASV_24	40	133	128	31	51	93	24	29	19	39	56	14	51	63	41	152	41	39
ASV_31	37	29	93	60	98	62	47	53	25	50	58	27	44	69	29	54	92	56
ASV_27	58	73	52	33	39	64	99	46	48	35	48	76	62	51	68	61	40	69
ASV_34	71	46	48	39	22	48	76	52	44	59	48	79	58	58	76	43	41	61
ASV_33	60	30	38	57	63	78	51	37	68	89	47	32	52	62	60	43	33	44
ASV_35	28	67	29	60	10	21	55	33	44	66	57	34	85	104	71	75	66	35
ASV_36	51	25	22	68	53	94	22	13	87	55	33	31	72	103	43	51	45	27
ASV_41	64	47	56	73	112	66	29	45	40	37	41	34	26	52	31	49	38	49
ASV_37	42	27	33	19	37	29	69	43	38	39	62	67	37	64	81	56	63	69
ASV_173	32	39	51	41	64	50	32	29	44	48	57	44	44	50	64	67	39	60
ASV_38	85	50	50	83	87	116	16	14	41	19	42	33	42	40	25	45	44	36
ASV_40	38	41	13	21	11	41	163	71	97	99	35	186	16	7	21	11	8	23
ASV_42	43	17	18	68	36	60	12	12	62	45	29	41	62	168	19	41	42	24
ASV_39	31	75	81	34	48	37	27	45	30	37	52	32	34	67	51	68	15	51
ASV_70	27	28	86	45	102	54	27	42	13	44	59	31	30	18	25	36	79	33
ASV_47	46	44	48	47	53	61	39	33	39	33	42	35	31	36	39	48	38	53
ASV_68	50	35	66	48	70	52	28	27	20	29	46	41	45	45	25	34	22	49
ASV_45	53	32	64	66	107	44	19	11	34	26	31	15	38	58	20	17	46	26
ASV_44	32	64	56	40	55	25	26	31	30	19	42	39	53	41	42	90	24	34
ASV_54	36	22	34	103	59	83	13	5	41	17	23	20	50	62	24	37	32	37
ASV_52	29	37	57	19	17	30	36	42	62	27	52	33	35	68	41	34	38	56
ASV_46	40	18	43	35	49	29	56	50	40	36	55	69	17	17	33	39	47	25
ASV_43	0	11	1	14	37	2	16	86	4	39	50	32	261	11	7	12	75	38
ASV_48	34	32	19	36	11	34	54	35	58	47	51	36	34	44	36	44	35	55
ASV_51	35	67	54	15	15	28	38	34	24	16	26	40	49	18	47	75	43	50
ASV_50	35	63	42	38	15	29	37	47	35	31	42	25	27	21	42	44	28	49
ASV_53	15	15	25	10	93	16	71	51	21	36	28	12	56	26	42	38	22	75
ASV_49	54	35	172	3	10	24	10	11	121	102	10	5	12	17	24	5	17	6
ASV_55	45	93	33	27	35	46	49	45	18	41	27	38	29	6	25	9	33	25
ASV_58	41	28	37	55	51	36	34	29	12	37	35	22	31	28	28	19	28	31
ASV_62	27	38	29	41	29	31	25	45	30	22	47	17	30	33	30	25	32	21
ASV_67	25	25	56	42	56	47	20	22	21	22	26	29	20	37	14	23	31	35
ASV_56	6	16	26	24	22	18	38	13	28	31	32	24	31	72	56	37	37	34
ASV_63	11	11	7	11	18	13	49	36	24	146	35	119	11	4	2	10	32	14
ASV_61	23	36	9	14	9	12	61	44	39	34	37	47	40	24	34	30	14	22
ASV_59	25	32	36	43	56	38	17	15	26	22	17	15	21	27	21	29	25	31
ASV_60	21	26	20	22	52	21	44	28	17	37	18	11	33	45	32	34	14	38
ASV_76	39	23	23	19	6	16	29	25	30	27	29	36	21	30	55	44	19	36
ASV_66	26	30	37	40	34	37	21	15	18	19	27	16	30	38	25	22	53	18
ASV_73	36	19	13	23	8	27	15	23	19	21	27	24	11	33	30	90	27	26
ASV_456	21	28	29	19	8	16	17	22	35	20	23	14	43	26	27	21	46	49
ASV_69	24	28	29	26	25	25	29	28	12	20	44	17	22	19	29	21	31	27
ASV_82	29	41	26	26	44	40	20	5	25	21	26	25	17	19	14	27	26	17
ASV_72	39	25	34	70	33	63	11	7	14	12	14	17	14	17	14	23	21	16
ASV_93	12	5	9	9	44	9	20	122	3	25	61	13	2	6	34	5	45	30
ASV_71	28	14	11	25	21	106	19	7	27	18	19	32	14	16	27	16	15	22
ASV_74	27	27	30	18	28	20	39	20	27	16	35	23	11	22	46	8	18	26
ASV_77	21	12	28	17	23	19	13	10	20	15	19	36	13	53	14	87	15	18
ASV_75	14	22	38	24	44	31	9	20	21	9	51	13	23	21	23	22	15	20
ASV_83	18	37	13	0	2	104	29	5	11	54	9	13	62	0	12	22	9	12
ASV_84	21	6	23	25	23	17	10	13	42	26	17	20	22	27	25	23	27	31
ASV_81	28	14	17	24	33	10	12	34	14	27	72	29	16	5	37	14	15	14
ASV_79	32	15	12	29	33	49	4	6	28	13	9	20	26	52	15	16	18	20
ASV_78	21	17	9	11	35	19	25	16	17	13	18	24	21	11	29	51	32	23
ASV_80	31	23	18	21	13	19	13	14	3	12	36	21	3	0	39	35	38	39
ASV_88	32	41	5	5	2	123	12	15	12	28	13	26	18	4	36	17	0	2
ASV_86	23	23	4	10	3	15	20	48	11	7	14	19	32	35	36	19	46	18
ASV_89	20	21	8	12	7	19	35	21	13	22	28	19	11	30	25	24	24	31
ASV_97	12	20	10	18	31	21	26	16	14	16	15	17	20	18	28	23	14	25
ASV_90	15	32	13	24	21	59	13	6	28	9	16	15	13	9	22	13	33	10
ASV_92	55	20	19	34	1	11	32	30	52	40	26	8	3	6	0	25	5	2
ASV_855	18	9	12	8	10	17	15	46	57	31	24	14	20	19	14	21	4	11
ASV_91	8	33	1	42	2	21	26	10	15	20	18	10	19	45	14	34	14	12
ASV_94	2	5	19	20	19	10	9	28	8	8	26	11	14	16	8	17	53	72
ASV_100	21	31	3	5	7	17	40	19	22	21	23	37	18	9	27	13	18	25
ASV_106	3	7	18	33	32	8	20	14	7	19	14	7	27	42	15	23	19	12
ASV_109	23	12	24	19	31	21	9	7	18	17	18	30	20	19	18	19	22	9
ASV_118	23	17	28	22	34	13	15	14	11	12	23	16	14	20	19	25	24	19
ASV_410	6	18	39	21	23	14	14	27	8	21	28	7	12	12	18	7	34	26
ASV_95	21	17	31	26	32	22	16	11	17	14	23	14	7	13	8	16	21	18
ASV_98	18	5	8	16	91	8	5	23	6	41	25	17	10	1	11	18	12	20
ASV_112	18	13	6	6	6	4	4	11	89	56	12	15	30	9	19	26	5	7
ASV_110	10	28	14	19	16	6	23	15	17	23	17	27	17	16	23	11	17	20
ASV_102	24	9	25	10	50	17	15	4	16	10	11	10	9	37	7	10	21	22
ASV_96	17	7	5	7	94	4	21	31	9	8	8	6	15	9	25	13	17	14
ASV_101	18	9	18	17	33	13	11	16	20	27	29	29	10	18	13	14	9	10
ASV_288	7	22	24	7	11	44	6	23	8	24	22	30	4	5	16	33	8	13
ASV_108	18	18	10	22	25	29	13	12	17	7	21	14	14	17	9	10	27	14
ASV_111	10	6	5	6	2	4	32	19	33	30	20	14	23	34	26	27	17	6
ASV_99	16	19	19	25	19	25	21	14	13	8	17	22	12	12	19	15	13	18
ASV_105	12	9	9	22	7	19	10	8	35	28	13	8	38	33	12	17	14	13
ASV_186	19	29	9	18	7	14	17	23	17	15	16	14	7	16	15	34	10	26
ASV_736	16	15	18	29	18	24	7	12	16	12	11	17	15	12	10	29	29	13
ASV_282	15	29	12	16	7	12	23	27	17	13	20	29	22	4	22	15	12	16
ASV_103	8	2	15	19	83	22	1	33	1	8	10	10	1	4	13	11	15	32
ASV_415	15	21	8	18	5	8	29	31	19	11	27	12	23	13	20	9	9	24
ASV_129	15	20	9	13	6	13	23	24	24	13	12	20	20	10	22	18	11	17
ASV_119	13	13	17	12	12	9	15	30	15	13	8	25	16	11	23	9	22	26
ASV_115	10	21	13	4	15	7	23	13	17	25	12	20	11	27	22	18	14	25
ASV_107	18	17	3	22	20	45	10	7	16	7	12	15	26	16	14	9	13	10
ASV_125	13	6	19	10	7	8	29	14	16	13	16	20	12	28	15	20	18	21
ASV_114	9	26	4	32	3	22	1	2	1	1	8	157	0	6	6	0	2	7
ASV_126	5	36	24	22	3	6	17	26	12	13	28	4	10	26	16	5	5	18
ASV_577	17	21	13	17	6	17	18	21	11	11	14	24	10	12	27	8	12	15
ASV_116	13	30	25	26	19	17	8	9	15	11	8	13	12	9	16	21	12	12
ASV_152	16	9	11	10	13	17	10	10	14	11	15	21	17	18	25	18	19	19
ASV_124	17	17	25	18	15	17	14	11	11	7	15	3	15	12	17	11	15	12
ASV_128	24	18	11	19	12	19	9	11	19	10	12	20	11	13	15	12	16	9
ASV_121	19	11	9	8	10	26	11	9	10	23	18	24	9	15	12	7	24	7
ASV_179	5	5	16	101	15	7	13	8	6	4	9	7	4	7	7	12	11	9
ASV_843	19	18	21	14	7	19	11	9	18	11	14	5	20	11	10	11	18	18
ASV_153	9	33	11	16	10	6	12	11	9	13	10	19	24	13	14	23	2	5
ASV_134	13	19	7	17	11	11	11	9	7	15	15	9	13	13	11	21	15	9
ASV_120	14	11	13	6	3	13	23	19	14	11	17	33	10	12	12	7	11	11
ASV_127	14	4	25	9	6	8	15	4	7	14	15	14	14	18	18	8	10	22
ASV_130	12	15	11	11	5	7	25	11	12	11	11	15	11	12	25	11	13	16
ASV_132	17	21	10	22	13	11	14	4	9	10	21	11	14	12	13	12	15	13
ASV_123	7	27	5	17	3	42	6	3	10	14	10	7	4	9	32	8	6	33
ASV_1396	11	23	5	8	3	7	25	18	12	15	12	15	14	11	11	10	16	11
ASV_139	15	15	26	5	4	5	14	11	17	4	11	19	12	12	14	17	12	13
ASV_142	18	19	14	5	7	12	14	8	14	8	16	22	12	3	15	13	6	20
ASV_140	14	11	8	14	22	17	13	13	6	11	9	6	6	12	17	14	15	7
ASV_925	5	7	25	38	12	24	21	12	4	16	4	8	4	3	17	18	1	5
ASV_161	14	19	20	7	20	16	24	7	11	10	19	13	5	8	9	14	5	10
ASV_143	16	5	5	8	15	8	17	11	13	16	13	13	7	9	20	27	11	10
ASV_141	9	4	37	7	17	9	5	18	7	12	18	7	2	6	5	15	30	11
ASV_266	18	11	9	3	13	12	28	16	14	12	16	31	4	3	9	5	10	12
ASV_146	11	1	11	8	4	8	8	4	15	10	11	10	12	22	20	26	14	15
ASV_148	3	12	6	16	20	4	6	8	3	10	6	7	14	7	14	12	28	24
ASV_347	15	11	19	8	16	34	11	17	6	9	14	14	6	9	8	5	7	8
ASV_144	18	10	2	3	5	4	10	11	19	16	17	13	10	5	29	17	16	8
ASV_168	1	1	0	167	0	1	3	9	1	4	0	7	0	1	0	0	1	0
ASV_172	13	17	22	8	2	15	21	8	15	13	10	18	12	7	12	7	7	8
ASV_283	13	12	24	10	31	14	6	25	8	3	8	4	5	8	17	9	12	7
ASV_149	8	19	8	4	10	16	8	7	12	17	4	5	14	7	28	16	13	11
ASV_147	28	20	17	18	20	22	1	6	6	13	4	3	10	16	5	7	5	12
ASV_160	5	16	7	11	5	10	9	14	11	11	18	21	8	8	12	13	9	14
ASV_136	14	5	9	12	17	9	8	6	11	16	10	7	18	16	8	8	18	12
ASV_154	3	6	0	1	2	0	5	17	6	9	7	2	2	1	15	101	23	0
ASV_156	9	8	5	5	2	9	30	14	18	27	15	46	4	2	8	2	1	4
ASV_162	12	19	7	3	2	6	25	7	18	8	13	25	17	4	14	6	7	13
ASV_155	14	7	5	12	11	13	15	14	7	19	7	8	14	9	12	10	11	7
ASV_150	14	13	8	11	3	11	16	8	14	15	8	9	3	9	17	6	10	24
ASV_151	12	2	2	6	1	0	31	19	13	14	14	10	8	14	20	20	8	12
ASV_157	14	20	19	3	6	27	15	8	2	7	12	6	4	12	5	13	22	8
ASV_164	3	10	47	16	5	16	16	8	11	5	6	1	4	8	7	2	6	8
ASV_165	12	7	11	5	3	10	18	11	13	13	8	16	4	14	15	11	2	15
ASV_166	28	23	2	8	4	7	16	10	16	17	9	8	13	5	15	8	2	11
ASV_969	11	17	50	6	10	12	7	13	5	9	5	9	2	9	6	8	2	8
ASV_188	21	12	11	14	13	12	5	4	17	7	4	4	21	8	9	5	13	6
ASV_159	14	17	5	25	0	6	15	18	11	6	5	8	9	6	14	7	6	20
ASV_170	9	16	12	20	17	12	8	4	15	6	7	10	8	8	7	11	8	4
ASV_167	7	16	7	2	5	10	9	15	19	9	9	8	7	8	21	15	8	7
ASV_183	14	4	9	12	14	29	9	3	11	9	9	11	3	17	5	12	8	9
ASV_174	10	12	5	2	4	5	15	12	9	11	10	19	11	12	17	15	8	8
ASV_192	10	1	19	4	31	14	7	11	3	4	7	2	22	4	8	10	21	13
ASV_474	7	18	18	4	0	6	3	11	47	9	8	7	6	9	9	11	17	4
ASV_605	4	21	9	8	2	7	12	21	7	9	9	31	6	3	9	11	14	6
ASV_965	9	11	6	7	3	12	12	14	13	13	5	14	9	5	24	10	4	16
ASV_158	9	3	2	5	9	9	23	16	4	10	7	9	23	14	13	4	3	20
ASV_213	14	17	8	17	16	14	9	12	4	6	7	11	9	6	9	10	7	7
ASV_169	2	44	0	4	10	4	13	14	8	3	2	13	20	5	25	6	6	3
ASV_251	15	11	6	8	9	13	9	13	8	5	13	7	8	15	12	21	5	5
ASV_535	10	39	5	2	3	8	5	9	5	6	11	16	27	3	8	5	10	9
ASV_668	15	6	2	5	7	11	16	8	5	12	16	9	9	16	13	12	11	6
ASV_236	11	15	5	6	6	12	13	10	15	8	13	12	14	9	15	8	4	9
ASV_1153	10	11	10	7	13	12	13	10	9	8	10	8	9	7	10	11	9	10
ASV_180	36	5	11	7	28	34	2	3	6	4	5	0	6	7	5	3	4	7
ASV_185	5	10	7	7	2	5	16	11	9	12	5	9	22	9	10	6	23	13
ASV_171	5	36	12	1	1	8	6	1	28	2	1	28	18	8	0	7	0	14
ASV_176	5	7	16	18	17	9	6	3	15	8	9	5	7	7	9	8	8	5
ASV_225	8	15	12	3	2	3	14	15	5	11	9	7	9	14	19	16	2	17
ASV_187	7	12	6	4	8	2	4	22	13	8	14	11	12	14	9	13	6	2
ASV_163	0	10	0	0	0	1	2	1	5	103	4	3	5	4	7	19	1	3
ASV_200	12	11	2	7	11	11	22	11	5	6	10	17	4	1	14	7	5	12
ASV_202	8	13	13	1	7	4	6	11	6	11	12	7	17	3	21	12	3	6
ASV_181	7	17	3	6	13	15	10	8	1	18	6	5	8	8	7	9	9	13
ASV_322	4	10	9	10	5	6	12	18	5	11	6	13	11	6	9	9	14	3
ASV_246	16	8	3	2	5	16	28	5	6	6	16	20	5	7	6	6	7	6
ASV_216	1	5	8	12	19	7	6	6	4	12	9	2	8	32	5	6	14	4
ASV_218	6	2	9	22	6	6	1	3	34	13	1	2	11	11	4	2	18	4
ASV_175	11	8	3	13	4	12	8	11	9	8	23	9	11	9	1	6	5	4
ASV_190	18	7	14	15	10	24	2	2	3	6	7	14	6	6	6	5	8	4
ASV_193	4	0	4	11	2	3	16	8	11	6	2	21	26	25	9	6	6	4
ASV_195	6	6	7	6	1	6	20	1	14	6	8	15	4	7	12	13	6	13
ASV_197	10	12	28	27	4	14	12	8	3	5	7	3	1	4	6	12	2	5
ASV_201	10	4	7	11	20	11	7	9	12	10	3	6	4	5	6	10	9	6
ASV_204	0	4	0	5	10	4	5	36	4	24	11	28	0	2	6	3	6	9
ASV_211	5	11	0	50	6	12	2	7	4	4	4	6	5	2	21	3	0	7
ASV_184	23	2	2	0	8	4	7	35	2	23	11	9	1	7	2	0	4	4
ASV_189	27	9	8	6	29	9	5	2	4	7	3	3	8	5	3	4	3	13
ASV_206	6	11	12	13	3	8	7	9	5	12	5	10	8	3	15	7	8	7
ASV_208	13	9	11	10	9	9	8	12	5	8	6	3	9	6	2	8	7	11
ASV_215	7	6	1	1	8	6	5	2	9	7	1	0	42	3	3	9	17	11
ASV_210	11	16	6	10	1	8	11	10	7	11	7	14	9	3	4	8	3	8
ASV_191	6	5	0	3	0	4	9	7	10	13	21	6	10	17	10	15	3	6
ASV_234	3	8	13	4	16	11	7	9	3	12	7	4	7	17	4	4	11	0
ASV_220	5	13	7	6	5	8	13	11	5	6	8	6	4	5	9	14	3	18
ASV_207	7	15	6	21	2	13	9	9	10	5	11	6	4	9	7	5	4	4
ASV_209	5	20	9	9	10	7	10	5	5	3	7	8	6	3	8	9	9	11
ASV_212	12	20	4	10	3	3	10	19	8	7	15	7	16	3	9	7	1	3
ASV_224	15	12	6	5	6	7	7	5	8	7	7	6	7	11	9	15	7	6
ASV_718	6	11	2	7	9	2	16	9	8	11	8	21	4	7	3	6	8	8
ASV_249	4	3	1	4	3	0	4	30	19	37	3	3	8	6	7	4	2	8
ASV_253	5	9	21	0	2	4	10	9	10	3	7	12	3	3	10	4	11	10
ASV_247	14	33	5	2	0	8	7	20	7	5	4	7	8	6	5	4	2	3
ASV_214	6	5	1	0	2	10	10	10	5	4	4	8	14	0	3	11	26	15
ASV_268	6	6	6	10	4	6	6	12	5	6	9	9	10	9	6	5	8	10
ASV_303	3	1	2	3	17	1	7	2	17	3	34	3	21	2	19	2	1	2
ASV_359	14	10	5	7	7	8	8	7	8	6	10	12	6	5	7	4	7	3
ASV_240	7	6	5	6	11	11	5	5	19	6	2	6	15	8	5	3	11	4
ASV_261	7	4	4	6	2	7	14	9	12	13	11	13	7	4	11	5	4	10
ASV_1127	9	9	6	7	3	6	10	5	10	7	11	17	7	9	3	5	7	8
ASV_232	3	0	1	1	0	2	17	9	11	11	8	7	9	14	8	10	8	7
ASV_285	14	7	5	17	11	13	5	8	8	6	8	8	5	3	3	3	7	5
ASV_313	11	6	2	11	1	8	13	12	5	8	8	16	7	7	8	4	4	8
ASV_198	6	17	0	6	11	3	6	5	6	9	6	8	10	5	13	9	8	12
ASV_217	4	3	5	3	0	1	8	5	12	11	6	11	7	17	12	12	12	5
ASV_250	6	7	4	10	5	2	12	4	15	8	6	14	6	5	9	4	4	14
ASV_199	8	6	10	5	11	7	4	3	7	4	10	3	12	14	6	8	9	7
ASV_219	11	4	15	10	10	5	5	4	15	5	4	8	8	8	5	10	6	2
ASV_229	9	8	5	3	12	12	5	4	7	7	8	9	9	11	10	5	6	2
ASV_272	7	6	5	6	5	1	9	4	5	4	10	8	9	8	17	5	15	12
ASV_270	10	8	5	3	1	7	6	12	13	3	7	17	13	1	4	6	2	5
ASV_331	6	7	7	10	10	15	5	4	1	8	7	6	7	5	4	7	7	6
ASV_221	33	0	1	3	30	0	4	1	3	0	1	5	5	1	29	8	1	4
ASV_223	7	8	5	4	2	5	14	7	2	7	15	5	1	10	7	9	8	10
ASV_239	7	10	12	6	23	5	7	9	4	5	3	3	6	6	2	4	4	5
ASV_252	11	3	1	1	3	4	13	11	11	21	9	29	1	1	5	3	0	4
ASV_344	9	10	1	8	5	6	15	14	7	8	6	13	6	4	9	7	4	2
ASV_1311	6	10	10	10	9	19	10	5	6	3	9	5	3	6	5	5	5	3
ASV_241	13	7	12	5	3	6	12	3	2	8	11	8	2	7	12	5	3	5
ASV_280	2	10	9	6	2	0	16	5	9	5	8	10	10	2	11	10	6	4
ASV_369	6	4	10	9	8	7	8	7	1	10	10	6	5	6	5	7	14	7
ASV_237	14	8	11	10	8	20	5	1	7	3	3	2	5	9	5	3	5	6
ASV_271	9	5	2	2	2	7	4	19	7	8	11	14	7	3	5	16	2	6
ASV_406	4	7	8	8	4	7	8	9	9	1	7	6	7	10	12	5	5	6
ASV_242	8	6	2	4	7	3	8	2	4	2	7	9	9	6	13	6	16	9
ASV_248	2	14	4	10	2	4	8	8	9	8	7	9	5	8	5	6	13	6
ASV_245	2	8	1	3	3	4	5	3	3	1	23	6	33	8	8	4	7	6
ASV_260	13	4	26	2	2	2	8	11	12	4	4	11	6	2	4	1	1	11
ASV_255	2	3	11	19	6	5	9	5	1	3	3	9	4	10	10	6	6	8
ASV_469	11	1	3	5	4	5	4	5	14	14	6	8	2	14	16	11	1	5
ASV_227	3	12	0	0	14	24	2	21	3	3	2	1	2	14	12	6	0	3
ASV_265	5	7	6	11	11	7	11	4	5	3	7	5	4	6	3	5	5	9
ASV_273	4	8	6	9	24	5	3	1	7	1	6	2	15	5	5	4	2	1
ASV_243	10	1	14	2	1	5	5	4	8	10	14	7	5	9	6	6	6	10
ASV_256	6	20	6	3	1	3	6	9	4	13	5	5	11	5	5	9	5	4
ASV_263	11	5	7	4	6	1	10	4	5	8	5	15	7	8	11	6	3	8
ASV_257	7	8	6	6	4	13	3	3	6	4	6	12	10	9	10	4	1	6
ASV_277	7	10	4	5	4	8	8	10	5	6	7	6	5	4	4	11	7	7
ASV_310	10	8	7	8	17	4	2	7	3	8	9	6	7	5	3	2	7	7
ASV_1027	8	15	9	3	4	4	8	17	2	5	7	8	8	1	9	7	6	5
ASV_317	6	6	10	0	8	6	10	6	6	7	5	8	3	2	17	8	2	9
ASV_262	4	8	7	2	0	1	1	2	37	4	7	4	2	4	2	3	14	11
ASV_318	2	11	7	3	2	2	11	10	12	4	8	6	5	3	6	13	7	7
ASV_319	3	1	3	3	3	9	1	4	10	12	4	16	14	2	5	12	9	4
ASV_345	17	0	0	10	4	2	21	6	9	10	11	11	5	1	1	5	3	5
ASV_486	7	8	7	5	5	6	11	6	5	9	10	8	7	5	11	1	7	5
ASV_744	12	8	4	5	1	10	7	4	6	2	9	9	1	4	8	16	9	9
ASV_258	9	3	9	13	8	11	0	7	5	4	9	4	1	15	5	2	9	3
ASV_278	3	5	7	5	2	4	7	3	8	5	6	6	5	5	7	11	11	12
ASV_315	10	6	13	19	14	3	8	10	0	3	3	7	4	2	7	3	5	2
ASV_233	24	6	1	0	11	2	11	6	9	11	3	15	4	0	13	1	2	4
ASV_286	8	9	5	4	1	4	10	11	11	3	6	5	5	5	11	6	5	8
ASV_360	6	4	3	10	8	8	2	2	11	7	9	2	5	6	7	8	10	2
ASV_254	8	6	3	7	10	9	6	3	4	7	5	8	6	7	3	7	10	6
ASV_259	5	7	6	4	5	3	6	8	6	4	4	8	21	5	8	7	0	4
ASV_274	13	4	9	8	12	5	2	3	0	5	9	7	4	6	5	8	4	9
ASV_298	9	7	3	4	5	4	6	10	3	7	13	7	4	13	9	3	6	3
ASV_893	12	10	4	10	9	3	8	7	7	4	4	6	10	4	6	3	5	3
ASV_244	8	4	3	1	2	3	7	7	4	8	11	7	9	10	6	4	10	6
ASV_279	6	14	16	5	11	11	1	3	1	6	5	1	2	1	7	5	5	6
ASV_723	13	5	9	6	1	11	8	10	5	5	6	6	5	0	8	10	1	4
ASV_293	3	9	16	0	0	6	0	2	2	9	2	5	3	18	5	13	4	1
ASV_300	3	4	3	7	14	6	3	10	11	7	2	11	8	1	7	4	2	5
ASV_327	5	7	3	5	1	1	21	9	6	6	7	6	5	14	4	6	2	4
ASV_357	8	4	9	6	9	25	3	3	1	4	7	7	7	8	4	2	0	1
ASV_228	6	2	10	5	5	2	12	4	7	12	8	4	3	3	8	5	1	14
ASV_287	12	5	3	0	5	3	6	3	8	6	6	14	7	3	4	13	5	8
ASV_302	7	7	0	1	0	6	5	10	19	12	3	10	4	0	3	0	1	24
ASV_572	4	13	1	4	10	4	5	7	3	6	9	6	6	9	7	7	5	5
ASV_264	2	3	5	2	10	1	3	2	8	6	3	6	6	21	5	4	6	10
ASV_301	4	4	7	8	6	8	9	3	5	1	13	9	3	7	6	10	1	0
ASV_374	1	19	5	2	4	13	5	5	3	6	2	6	0	3	3	23	3	5
ASV_459	1	15	7	4	1	1	3	8	4	10	4	7	7	5	10	0	6	12
ASV_491	8	9	1	0	10	6	15	9	12	5	6	1	3	2	2	14	3	0
ASV_284	6	4	4	7	14	7	4	4	6	5	5	3	7	11	7	2	6	4
ASV_419	9	11	1	6	4	5	10	5	11	4	2	12	3	3	3	6	6	5
ASV_496	4	10	2	4	2	17	11	8	7	5	2	7	4	1	2	4	9	9
ASV_290	12	3	3	7	0	0	5	3	2	7	10	1	2	7	16	6	7	6
ASV_306	7	8	3	2	5	14	8	3	0	3	2	13	4	7	4	5	5	13
ASV_520	3	7	7	3	2	1	6	15	6	7	14	4	3	2	8	7	5	3
ASV_276	9	7	2	8	8	7	6	3	8	2	3	2	9	7	4	4	1	9
ASV_336	3	9	15	3	7	6	3	8	7	6	3	4	2	7	7	7	4	3
ASV_362	3	5	2	3	4	6	4	8	5	5	6	7	12	6	5	14	3	4
ASV_267	5	6	2	4	0	4	7	10	9	3	9	8	3	2	12	9	2	8
ASV_275	6	2	7	8	5	4	8	9	4	5	6	9	8	5	5	4	7	4
ASV_312	4	9	11	2	0	0	16	1	6	6	6	3	0	11	2	11	4	11
ASV_329	5	2	10	10	3	8	5	1	6	3	7	7	9	7	3	4	6	8
ASV_346	8	10	2	6	6	6	2	4	6	5	7	12	7	7	7	3	5	3
ASV_930	7	14	9	7	7	2	4	3	7	3	5	1	8	4	7	3	4	5
ASV_332	8	7	16	7	3	9	3	4	6	5	5	4	6	3	9	4	4	1
ASV_350	10	12	6	2	4	10	6	2	5	2	4	3	2	9	6	4	8	2
ASV_592	7	3	2	3	2	5	17	7	5	5	9	11	6	9	5	7	3	3
ASV_299	7	4	5	0	1	5	6	15	4	4	7	11	1	8	6	6	2	3
ASV_269	9	4	3	4	1	7	7	20	4	5	4	7	5	2	2	4	4	10
ASV_307	2	7	5	7	6	5	5	5	2	9	3	5	3	2	15	4	4	7
ASV_499	5	4	2	3	7	3	4	10	3	3	0	6	1	2	44	1	0	4
ASV_311	4	6	21	5	4	3	2	7	2	8	4	6	4	5	3	7	1	5
ASV_433	4	7	7	5	4	4	2	9	7	2	4	4	5	5	24	6	1	2
ASV_328	19	1	22	3	1	2	1	3	4	4	6	11	1	3	6	9	1	0
ASV_378	4	6	1	6	0	2	5	13	12	14	3	1	4	0	2	11	0	13
ASV_384	7	3	6	7	3	1	12	8	3	6	9	8	6	1	2	4	0	10
ASV_396	9	10	2	2	13	3	1	9	5	4	5	5	11	3	6	7	1	5
ASV_867	1	3	3	0	2	4	19	6	3	1	11	11	8	8	7	2	2	5
ASV_292	8	5	4	4	3	8	3	9	8	5	3	10	2	1	6	10	4	9
ASV_355	5	0	4	2	9	4	5	1	10	6	4	4	9	6	5	6	5	3
ASV_364	4	8	4	2	1	4	7	5	8	7	8	9	3	6	3	6	3	8
ASV_289	5	6	6	4	2	7	7	7	4	3	2	3	4	3	9	11	3	10
ASV_323	3	4	3	3	2	2	7	8	4	9	6	19	1	2	0	1	19	2
ASV_330	11	7	0	11	5	5	2	5	6	3	4	4	4	5	11	6	3	3
ASV_405	5	7	3	8	8	4	4	6	10	6	3	6	5	4	5	3	4	4
ASV_305	5	9	16	3	8	6	1	11	3	2	3	5	4	1	5	4	4	5
ASV_341	5	5	3	6	1	0	7	9	8	4	5	5	11	3	7	6	8	2
ASV_583	5	12	6	1	2	5	4	9	5	8	6	5	3	4	4	3	2	8
ASV_610	3	7	4	3	3	4	4	5	1	4	6	1	8	8	5	19	3	7
ASV_797	22	12	7	0	2	3	6	3	0	7	5	2	1	2	3	7	9	2
ASV_295	7	6	1	11	4	3	4	8	7	0	5	7	6	4	5	4	3	9
ASV_296	5	6	2	9	4	6	4	2	11	5	2	2	6	6	9	2	7	5
ASV_365	1	4	3	0	1	4	8	6	6	6	9	8	7	7	9	1	4	9
ASV_854	6	5	3	3	5	6	6	3	4	3	7	7	6	6	7	1	6	8
ASV_1275	4	2	0	1	2	3	5	3	1	4	9	9	8	9	5	8	5	9
ASV_321	1	4	2	5	6	5	11	4	2	8	2	3	3	10	7	10	8	3
ASV_352	0	15	0	3	0	3	3	7	7	0	4	2	5	10	9	8	0	4
ASV_377	7	6	4	3	2	2	12	5	0	4	6	15	6	5	3	4	1	13
ASV_733	3	12	1	0	2	6	5	12	10	5	2	19	8	2	4	0	2	4
ASV_294	6	9	3	4	8	7	9	5	3	4	6	3	3	2	8	7	1	3
ASV_625	6	8	6	6	6	3	4	10	3	5	7	2	3	1	3	9	6	5
ASV_356	2	1	2	6	15	5	1	3	4	4	17	1	3	2	5	6	5	5
ASV_424	7	11	7	2	1	2	7	13	2	7	6	4	1	3	4	4	4	9
ASV_361	3	2	7	6	3	6	7	6	3	7	8	7	3	3	7	2	0	5
ASV_453	4	3	7	4	2	8	8	5	4	1	5	7	3	5	10	5	8	8
ASV_304	6	0	0	3	1	0	0	8	3	15	19	7	0	5	2	14	3	3
ASV_316	9	13	3	3	13	2	0	1	5	2	3	4	0	20	1	1	3	3
ASV_340	5	8	12	2	7	3	1	5	2	7	4	5	3	0	3	4	9	5
ASV_342	7	1	1	1	3	2	10	11	4	10	2	1	2	7	9	5	8	5
ASV_398	2	9	4	1	3	4	16	5	11	3	4	4	2	6	8	6	1	2
ASV_334	0	7	4	15	4	3	7	1	0	5	4	1	3	2	12	4	6	6
ASV_913	6	4	5	4	4	9	7	1	7	2	2	4	5	4	5	6	1	7
ASV_333	0	7	3	3	1	5	3	2	1	6	3	3	4	2	3	7	1	28
ASV_400	6	0	0	0	0	27	3	3	0	0	4	19	2	0	2	22	0	1
ASV_601	4	2	1	34	1	14	0	4	10	1	3	3	2	3	2	1	2	0
ASV_383	1	8	20	9	0	1	6	4	3	6	4	2	2	10	2	3	1	5
ASV_549	3	4	6	2	4	0	3	11	2	6	3	5	5	0	11	4	9	2
ASV_1458	5	8	0	2	0	7	19	15	5	2	4	7	1	2	4	3	7	2
ASV_297	3	2	0	1	1	1	11	7	7	7	10	7	7	3	8	6	2	9
ASV_349	4	5	4	0	6	1	7	6	1	3	15	3	7	3	7	3	7	6
ASV_556	7	3	11	11	5	0	7	5	0	5	3	8	2	0	4	6	2	2
ASV_370	1	3	9	2	5	2	1	2	5	6	12	2	2	3	10	4	4	8
ASV_371	8	3	4	4	4	3	2	7	4	5	3	7	6	7	4	3	1	7
ASV_629	6	7	2	3	3	3	3	10	9	7	3	5	4	6	8	4	2	2
ASV_641	5	6	9	6	7	9	6	1	2	2	2	8	2	4	5	7	3	3
ASV_339	5	3	2	2	2	3	1	0	3	1	11	1	4	24	6	2	12	2
ASV_422	5	6	6	5	4	5	4	3	3	6	8	6	3	2	9	2	4	3
ASV_732	2	6	6	1	4	5	2	10	3	1	8	3	5	0	1	8	6	5
ASV_309	4	0	6	13	11	6	2	1	5	2	2	3	0	17	2	4	5	1
ASV_324	4	1	4	1	4	2	6	2	5	3	5	4	1	7	7	7	4	6
ASV_337	6	3	0	6	6	12	4	5	2	2	9	1	1	4	5	8	1	6
ASV_354	13	1	2	2	22	8	1	0	3	2	0	3	1	4	4	6	7	3
ASV_380	3	4	4	0	3	3	11	1	11	3	5	12	2	0	4	5	3	9
ASV_417	4	4	0	4	2	18	3	2	6	2	8	5	5	0	7	1	2	8
ASV_548	5	11	15	1	3	5	1	3	3	1	3	1	5	1	12	4	2	6
ASV_567	4	3	1	5	3	9	6	1	5	5	5	0	0	16	1	2	16	2
ASV_848	8	5	10	1	3	1	4	8	5	2	3	5	6	3	4	3	3	14
ASV_343	6	6	2	3	0	5	9	3	8	3	7	11	4	1	4	5	5	6
ASV_368	5	5	5	4	2	5	8	6	7	5	6	5	3	3	6	3	7	1
ASV_427	5	4	3	1	6	19	12	3	1	3	5	6	4	1	4	2	3	3
ASV_684	2	5	5	5	2	2	6	10	4	3	1	7	3	5	9	1	2	6
ASV_1081	4	1	3	0	0	1	15	7	6	0	5	16	3	3	10	7	2	2
ASV_338	3	3	2	3	15	1	2	5	3	7	4	7	6	3	6	3	1	6
ASV_367	5	13	3	6	4	1	9	1	5	5	6	8	5	3	1	4	5	2
ASV_428	1	4	3	4	6	3	5	4	6	3	7	1	4	5	6	11	4	7
ASV_390	4	3	3	0	2	3	2	1	1	2	34	11	0	4	6	4	1	1
ASV_463	3	4	9	2	0	0	8	1	0	8	8	11	2	1	7	3	7	6
ASV_1281	2	5	3	6	4	4	7	8	2	4	5	8	8	0	5	0	3	4
ASV_348	6	13	3	3	4	5	1	2	7	0	2	2	7	3	3	5	8	2
ASV_409	5	5	0	4	13	4	4	8	1	2	3	2	3	11	1	3	2	4
ASV_571	7	4	5	4	3	10	4	2	6	0	6	6	1	4	6	10	4	1
ASV_411	8	4	1	1	3	4	6	5	0	4	11	9	1	6	8	5	2	4
ASV_445	4	7	0	10	26	0	1	4	3	5	1	0	2	5	0	6	2	4
ASV_461	4	6	4	3	1	12	6	10	5	9	5	9	0	1	2	0	1	5
ASV_504	5	3	3	5	3	5	3	2	8	5	3	5	4	9	2	5	9	3
ASV_892	8	7	2	3	3	5	5	5	6	1	3	5	3	4	4	4	4	1
ASV_335	5	1	2	4	3	1	1	6	5	7	6	5	8	4	4	8	4	4
ASV_382	14	4	4	0	1	7	8	6	1	3	4	8	3	1	3	2	5	3
ASV_436	4	3	1	1	0	5	15	6	8	2	5	5	3	1	9	3	5	4
ASV_1234	7	3	4	4	4	7	2	1	6	2	2	14	4	1	2	2	8	4
ASV_379	9	3	2	2	1	8	5	4	4	9	6	7	4	0	3	5	2	3
ASV_392	7	5	9	2	2	5	6	2	1	3	10	6	2	4	7	0	3	2
ASV_403	2	3	4	7	13	10	3	10	1	5	3	0	3	5	1	4	2	3
ASV_480	1	5	1	6	1	7	6	6	3	1	6	4	7	2	4	9	1	8
ASV_714	2	2	0	1	2	4	6	12	2	6	1	17	5	1	5	4	3	6
ASV_388	5	5	1	6	6	3	7	4	4	3	4	9	4	4	2	4	4	3
ASV_529	1	6	3	6	4	4	9	6	3	3	6	4	6	1	6	3	3	5
ASV_530	0	9	2	1	0	2	9	8	3	4	3	8	5	2	5	4	10	1
ASV_920	3	2	1	2	1	3	8	11	3	2	8	6	2	2	7	1	2	8
ASV_381	2	0	0	0	0	0	13	7	7	6	2	6	5	7	4	3	3	5
ASV_425	2	4	4	1	4	11	4	3	2	8	5	4	1	2	5	4	2	5
ASV_444	6	4	9	1	2	1	6	1	4	1	3	5	4	6	7	4	4	5
ASV_489	9	3	3	4	0	3	6	2	7	3	8	9	1	2	7	1	4	5
ASV_586	7	1	0	2	0	3	12	4	5	4	7	3	1	2	8	2	4	11
ASV_351	7	3	23	2	1	1	4	5	3	1	1	7	2	1	3	4	0	3
ASV_391	7	3	1	4	0	3	3	8	3	3	6	4	5	4	3	7	4	8
ASV_395	2	1	4	7	6	4	1	0	0	1	20	5	1	1	1	5	4	7
ASV_402	3	6	2	5	1	2	4	8	5	1	1	5	5	4	1	6	3	8
ASV_404	3	6	14	0	3	3	4	3	4	2	4	0	1	2	3	10	1	6
ASV_434	1	6	4	4	1	2	6	7	4	12	0	4	2	5	6	4	6	3
ASV_363	3	2	2	4	2	3	4	6	0	6	3	4	3	6	10	6	7	5
ASV_366	2	1	6	3	4	3	4	4	5	5	4	4	2	1	9	4	5	4
ASV_389	2	1	3	2	0	1	2	3	18	6	1	4	7	4	5	8	2	5
ASV_394	4	3	0	0	1	5	9	3	3	2	3	3	2	0	3	0	21	12
ASV_1160	4	3	2	4	4	3	12	3	0	8	4	8	3	0	7	7	2	4
ASV_439	7	16	0	1	2	0	2	5	1	3	3	12	3	2	2	3	8	7
ASV_440	22	18	0	0	0	3	6	3	3	4	3	8	2	3	0	0	1	1
ASV_534	22	5	2	5	0	0	7	6	2	0	7	5	1	0	3	1	3	3
ASV_386	0	3	3	4	1	5	5	3	7	5	4	6	3	1	7	4	5	5
ASV_393	1	7	3	1	0	1	5	11	9	3	3	9	3	3	6	0	2	3
ASV_527	2	5	1	2	0	2	5	5	5	5	9	5	5	3	5	4	4	4
ASV_746	2	3	1	4	0	0	4	7	8	11	8	1	6	6	4	4	1	5
ASV_414	3	3	1	1	7	1	2	7	1	8	8	2	3	1	5	5	6	2
ASV_429	2	6	6	14	10	6	1	0	1	1	1	2	3	2	2	0	5	5
ASV_450	0	22	1	4	1	0	2	6	4	5	4	2	2	3	5	6	1	1
ASV_1150	4	3	3	5	4	4	5	3	7	5	3	8	5	4	3	3	1	3
ASV_372	4	6	0	6	5	2	5	3	4	3	1	2	7	2	3	6	4	3
ASV_399	4	3	0	1	9	5	7	4	0	4	3	4	0	1	3	18	1	6
ASV_401	3	2	1	4	3	6	1	2	6	6	3	0	5	7	2	4	8	5
ASV_454	5	8	7	4	1	1	6	3	2	6	0	7	3	7	3	1	1	3
ASV_538	3	5	1	1	10	0	3	13	6	3	1	2	6	5	2	3	2	5
ASV_1125	6	10	0	0	0	8	15	3	2	4	2	7	2	3	0	2	4	1
ASV_1493	6	1	3	1	2	2	4	2	17	3	5	6	1	0	3	4	2	3
ASV_373	5	0	0	0	0	0	0	0	44	2	0	0	21	0	0	0	0	0
ASV_376	1	9	0	7	1	2	3	13	1	3	1	3	10	6	10	0	0	0
ASV_431	1	9	6	1	28	1	1	0	2	1	1	10	3	2	0	0	3	2
ASV_476	3	2	3	7	5	3	3	7	1	0	2	7	4	1	7	4	5	5
ASV_484	1	9	1	1	1	1	8	8	10	2	3	8	4	5	7	1	2	1
ASV_509	2	2	6	3	2	3	4	12	3	2	1	1	0	3	7	3	6	3
ASV_702	3	3	2	1	3	4	6	6	4	6	2	11	3	4	4	3	1	2
ASV_585	3	7	2	1	3	4	4	11	4	1	2	7	4	1	6	1	4	3
ASV_1017	4	1	4	2	2	1	8	7	6	3	6	4	4	2	3	2	2	5
ASV_1068	4	3	6	3	2	4	7	3	4	5	2	9	3	5	5	3	1	1
ASV_397	1	2	4	3	2	2	2	2	4	4	8	5	6	5	5	0	4	7
ASV_416	2	2	2	14	1	1	7	0	2	8	1	7	1	1	7	0	4	7
ASV_421	7	9	1	2	1	5	0	6	8	6	3	2	2	2	2	4	3	4
ASV_465	2	4	3	4	5	5	4	1	4	1	3	5	4	4	3	6	3	4
ASV_467	1	4	6	1	4	6	3	3	4	2	4	3	3	2	6	7	4	2
ASV_495	7	1	6	1	3	2	5	5	3	1	6	6	3	3	2	2	6	9
ASV_532	0	2	1	0	1	2	3	12	2	13	7	19	1	2	0	2	1	1
ASV_554	3	3	3	2	5	4	5	1	3	5	5	6	6	6	3	2	5	4
ASV_563	8	4	5	4	2	3	6	7	0	2	1	3	6	5	2	4	3	5
ASV_711	7	4	2	8	0	7	7	4	3	6	4	2	3	3	2	2	2	3
ASV_962	2	5	0	6	1	9	4	0	6	2	9	4	3	1	4	10	1	1
ASV_426	19	1	2	3	0	1	5	1	1	4	2	11	4	1	2	4	4	3
ASV_432	6	3	1	1	5	4	3	2	3	8	3	2	8	1	2	4	2	7
ASV_506	2	2	1	0	2	4	7	4	4	2	7	7	3	3	4	7	7	5
ASV_630	2	0	12	1	3	12	1	3	6	5	4	1	7	7	0	0	5	1
ASV_737	4	7	1	6	1	1	3	12	3	2	7	5	0	0	4	3	1	7
ASV_842	5	2	5	4	3	2	4	5	2	0	3	2	5	3	7	2	4	7
ASV_1309	1	3	0	3	0	1	5	8	6	3	3	4	11	5	4	5	2	3
ASV_1459	4	1	3	3	3	15	8	1	0	2	2	1	5	2	10	1	6	2
ASV_1520	0	4	3	5	3	4	4	5	1	5	5	4	0	1	6	1	7	5
ASV_505	5	4	6	4	1	1	11	1	2	4	4	7	1	2	3	2	2	1
ASV_858	2	5	4	6	5	2	1	2	3	4	4	4	5	5	4	6	4	3
ASV_407	7	5	0	3	3	4	7	3	4	4	4	1	3	2	3	3	3	5
ASV_418	2	7	1	0	2	2	7	6	2	3	7	5	2	2	4	3	5	2
ASV_423	5	3	0	6	7	2	8	3	4	7	4	2	2	0	1	2	2	4
ASV_464	4	2	6	1	3	2	3	1	4	8	3	4	2	2	3	11	3	4
ASV_717	4	0	0	0	3	3	5	1	2	4	3	2	1	0	10	2	16	0
ASV_743	2	4	7	6	2	7	0	3	1	1	6	4	2	1	2	6	3	3
ASV_483	3	5	1	6	0	3	5	3	4	3	5	4	4	7	3	4	1	1
ASV_608	1	4	2	0	1	2	2	22	0	2	11	3	0	1	0	1	1	10
ASV_413	3	3	3	6	8	2	2	1	2	1	5	2	3	2	4	5	6	1
ASV_430	0	4	0	1	0	0	0	3	2	5	1	7	1	25	0	7	0	0
ASV_561	4	3	0	3	2	4	4	2	9	1	4	11	0	2	4	2	5	3
ASV_607	0	2	0	18	0	17	1	1	1	1	0	4	0	0	5	5	0	0
ASV_612	3	0	0	0	0	1	9	4	1	4	7	7	8	4	3	3	4	3
ASV_435	2	9	1	3	1	5	2	2	1	6	2	8	1	0	6	6	2	5
ASV_442	3	0	3	2	0	2	5	3	7	2	6	3	6	5	4	0	6	2
ASV_542	4	0	8	7	2	4	0	4	1	5	5	6	1	3	7	3	1	1
ASV_632	6	2	2	2	0	1	4	0	5	4	2	1	7	6	5	13	3	3
ASV_683	3	2	4	3	4	3	5	3	2	2	6	4	5	3	3	3	2	2
ASV_826	8	4	3	2	1	2	3	3	5	1	2	10	2	4	4	4	0	6
ASV_940	0	0	1	1	1	3	2	0	7	3	10	7	8	5	6	2	5	1
ASV_1046	6	2	1	9	7	2	4	3	1	2	3	2	3	3	1	2	4	3
ASV_462	3	4	3	3	3	3	7	2	2	2	2	3	4	3	6	4	2	4
ASV_498	1	2	2	7	2	4	7	1	2	2	7	4	4	6	2	2	0	3
ASV_537	7	5	1	1	2	3	6	2	4	2	6	4	0	3	10	0	3	5
ASV_781	5	4	4	4	4	0	6	5	2	3	3	8	3	3	6	3	1	0
ASV_974	1	4	0	1	0	0	12	2	5	3	9	11	3	1	4	5	0	2
ASV_1409	4	1	4	10	3	2	4	3	1	1	3	3	4	1	4	6	4	2
ASV_468	9	5	0	0	0	2	8	1	5	2	6	9	6	2	2	0	4	1
ASV_497	1	1	2	3	15	6	2	0	1	4	6	4	1	3	0	5	2	4
ASV_518	4	2	1	3	1	1	6	2	7	2	13	2	2	1	5	1	0	3
ASV_536	3	1	2	2	1	1	1	9	5	3	1	2	18	1	5	3	0	2
ASV_553	3	2	3	0	0	0	4	4	5	8	2	4	4	4	8	7	2	2
ASV_742	3	3	1	2	5	3	3	3	4	4	3	5	2	7	2	3	5	0
ASV_1259	3	0	0	6	0	2	10	6	1	1	7	2	2	7	5	1	1	1
ASV_446	11	2	0	0	8	2	0	17	0	0	6	2	0	2	1	0	2	1
ASV_458	2	2	1	5	1	2	6	2	0	3	5	2	4	6	3	8	2	4
ASV_477	5	0	0	2	1	3	7	2	8	3	1	1	16	0	3	1	4	0
ASV_591	6	2	1	2	2	3	4	3	1	1	6	5	4	2	3	5	4	3
ASV_871	4	1	1	2	0	0	1	5	5	0	5	4	6	4	9	2	5	5
ASV_420	5	3	0	0	0	5	6	1	3	2	6	8	3	3	5	0	3	2
ASV_441	2	1	1	5	5	3	3	2	2	6	2	6	1	5	4	6	4	1
ASV_449	2	4	4	7	8	2	3	3	0	2	1	5	2	5	2	4	3	1
ASV_460	2	1	7	4	8	1	2	3	2	6	3	0	3	4	3	1	2	2
ASV_507	4	5	1	4	2	6	4	5	2	4	3	2	1	5	2	3	4	6
ASV_584	4	3	4	3	3	11	2	7	1	0	4	3	2	4	2	4	1	2
ASV_590	4	1	8	0	3	1	0	2	5	8	4	3	1	3	5	2	1	5
ASV_603	9	7	2	0	1	0	5	5	1	4	2	1	16	1	2	0	3	3
ASV_1149	3	4	1	0	0	1	6	8	10	0	2	4	3	3	3	2	8	0
ASV_443	4	12	2	1	2	2	5	3	0	2	3	4	4	3	3	1	0	4
ASV_528	0	34	2	1	1	0	3	0	9	0	1	1	0	0	0	0	0	8
ASV_547	3	5	6	7	3	2	4	1	4	1	3	4	2	1	0	2	1	4
ASV_580	6	3	3	2	1	2	6	5	2	4	5	6	0	2	3	2	2	1
ASV_604	3	6	0	3	3	3	3	2	1	4	5	1	5	3	2	5	5	0
ASV_1450	3	7	0	6	2	3	6	5	1	5	4	1	3	0	1	1	0	6
ASV_451	3	2	2	2	1	2	6	8	8	3	3	7	5	1	2	0	2	3
ASV_473	1	16	0	0	2	2	9	5	2	3	4	7	3	2	1	1	2	2
ASV_494	2	4	1	2	2	3	3	0	4	3	8	7	4	3	4	4	1	0
ASV_500	1	3	1	4	1	8	2	4	4	0	5	5	0	5	1	5	5	3
ASV_511	4	2	6	2	1	8	6	2	1	7	0	5	1	0	6	0	1	2
ASV_569	4	0	0	1	0	0	19	1	3	5	1	2	4	3	7	2	1	3
ASV_750	1	2	0	0	0	3	7	1	2	5	5	3	2	7	1	5	1	3
ASV_956	3	4	5	6	4	4	1	5	0	4	4	2	3	0	5	5	2	1
ASV_999	3	4	3	1	1	0	4	7	1	4	3	5	3	2	5	0	4	6
ASV_1151	7	1	1	3	1	12	8	2	1	3	3	4	3	1	1	1	2	4
ASV_447	3	6	1	2	1	1	1	1	7	5	4	4	3	5	5	3	5	2
ASV_455	1	4	2	5	1	1	3	2	2	0	4	4	3	3	4	5	5	3
ASV_466	6	2	6	8	1	3	0	1	3	2	1	0	2	2	1	6	6	0
ASV_482	8	2	3	1	2	1	0	0	2	3	7	4	3	0	4	5	0	11
ASV_502	4	0	6	1	4	3	2	6	5	6	1	1	4	2	5	4	1	3
ASV_519	1	4	0	0	2	3	4	4	1	4	13	13	1	0	0	0	5	0
ASV_550	0	3	0	0	0	0	6	19	7	2	1	5	3	5	4	0	1	0
ASV_1002	4	1	1	3	4	2	5	2	2	5	2	7	6	5	3	3	0	0
ASV_1162	5	7	2	0	3	6	4	1	1	3	1	3	2	1	7	4	0	5
ASV_1246	5	5	4	1	2	2	2	5	2	6	3	4	4	0	2	4	1	3
ASV_574	6	3	1	1	3	4	5	5	4	5	3	2	2	2	2	2	2	2
ASV_588	1	0	7	2	2	2	4	5	2	2	3	5	3	1	3	7	4	3
ASV_673	3	1	3	4	2	0	3	3	10	1	2	5	3	5	1	1	1	8
ASV_731	3	1	5	2	10	4	1	2	2	7	1	0	0	4	1	3	4	2
ASV_837	1	1	1	2	2	3	4	5	4	2	1	6	5	3	6	2	1	1
ASV_917	7	3	1	0	1	18	2	6	2	0	0	2	4	0	3	1	1	2
ASV_936	3	6	5	3	2	5	3	4	0	3	3	2	4	4	0	1	4	5
ASV_1376	6	10	1	0	0	1	6	2	3	1	3	7	8	1	3	2	1	1
ASV_1506	3	2	1	5	1	1	8	6	1	2	5	7	0	2	6	3	4	1
ASV_515	2	2	1	5	0	1	4	2	2	4	2	2	4	7	3	3	7	2
ASV_578	6	2	3	4	4	0	4	5	1	3	6	1	1	4	3	1	2	6
ASV_594	4	1	7	0	0	3	4	2	5	1	3	3	7	0	2	5	4	2
ASV_599	1	0	5	0	1	0	0	5	0	29	3	8	0	1	1	2	0	1
ASV_620	2	2	3	4	0	4	5	1	1	3	5	2	3	4	5	4	3	3
ASV_701	3	5	1	2	0	2	3	6	5	2	4	6	4	3	1	2	2	3
ASV_800	4	5	0	3	1	4	5	2	1	5	1	2	5	2	3	5	2	5
ASV_875	8	4	4	0	2	0	4	8	2	1	3	3	2	1	5	4	1	4
ASV_1036	3	3	2	6	1	1	4	0	4	1	11	5	1	2	2	2	2	3
ASV_1241	4	10	1	0	2	4	10	1	3	5	3	1	0	0	1	6	3	1
ASV_1491	0	3	4	1	0	1	11	7	4	0	3	9	3	3	3	3	0	0
ASV_524	5	4	2	3	3	1	0	5	0	3	4	3	8	3	2	2	1	2
ASV_555	3	3	2	4	1	1	1	2	4	2	4	5	3	3	2	3	3	8
ASV_562	4	1	0	3	1	2	8	2	6	2	2	2	5	2	3	7	1	1
ASV_615	7	2	0	1	1	3	4	4	4	3	1	5	3	3	2	1	3	3
ASV_638	0	4	1	0	0	1	8	14	4	1	4	7	1	1	1	5	0	0
ASV_677	0	7	1	1	0	0	5	8	6	1	4	5	4	2	4	2	5	1
ASV_681	4	1	0	4	3	7	6	1	0	5	5	8	2	2	0	2	0	2
ASV_738	4	1	1	0	2	4	3	0	4	4	6	1	1	4	3	3	2	8
ASV_481	2	1	5	3	1	4	4	1	1	4	2	7	2	0	5	4	1	3
ASV_493	3	3	2	1	1	1	3	6	2	6	6	2	4	2	2	1	5	2
ASV_508	0	6	1	2	1	2	4	1	5	4	3	2	1	2	5	4	0	5
ASV_531	1	1	0	3	0	0	7	4	4	4	2	5	4	3	4	3	2	4
ASV_919	3	2	4	0	3	4	6	3	3	0	5	1	4	3	4	2	3	2
ASV_457	1	0	0	1	1	0	1	3	1	3	17	1	3	0	0	0	2	17
ASV_487	2	1	1	1	10	2	0	3	2	0	5	2	2	4	4	4	4	3
ASV_488	3	3	0	6	8	1	2	1	3	2	5	4	2	2	4	2	2	3
ASV_490	2	2	2	3	2	5	4	0	1	3	2	6	1	2	5	4	3	1
ASV_551	4	1	3	2	4	0	5	4	0	2	4	6	2	2	3	1	5	2
ASV_568	0	0	0	0	0	0	42	3	0	0	0	0	0	0	1	4	0	1
ASV_573	3	3	0	4	4	2	3	1	5	2	2	3	1	3	5	4	2	2
ASV_587	0	0	1	0	5	3	2	3	1	1	9	1	0	2	5	0	16	0
ASV_600	3	4	0	2	2	1	1	6	4	2	2	3	11	4	1	2	0	3
ASV_649	7	2	2	8	0	3	3	7	4	2	5	1	4	0	0	2	5	2
ASV_937	2	0	2	0	2	2	6	5	2	4	5	1	6	1	4	3	1	1
ASV_1155	2	1	31	1	0	0	0	3	1	0	3	1	0	0	1	0	0	0
ASV_1372	3	3	2	0	0	0	8	4	3	2	5	5	2	2	3	1	2	4
ASV_611	1	2	2	0	0	6	0	2	4	2	5	2	2	4	10	1	2	5
ASV_633	3	4	1	2	0	3	8	5	2	4	3	8	4	1	0	1	0	2
ASV_642	3	3	6	0	2	7	1	1	3	3	1	3	2	4	2	4	1	2
ASV_754	3	3	2	1	3	5	2	2	2	2	1	3	3	3	5	6	2	3
ASV_868	0	0	0	0	1	1	6	5	2	2	7	10	4	2	4	3	3	2
ASV_1004	3	4	7	2	4	2	0	7	0	2	4	7	0	0	1	6	0	3
ASV_1016	2	3	1	6	3	1	7	2	2	1	2	10	2	1	3	2	1	0
ASV_1273	2	3	2	4	2	2	2	3	0	2	4	4	6	2	4	3	3	0
ASV_1375	4	3	0	1	1	0	4	4	2	2	3	6	1	1	2	1	1	7
ASV_1429	2	3	1	2	1	7	4	4	3	2	3	5	3	2	2	4	1	1
ASV_1456	6	8	0	1	2	1	4	4	3	2	1	6	0	2	3	3	0	3
ASV_472	0	4	3	6	0	4	10	6	5	4	4	1	1	0	0	3	1	1
ASV_675	0	4	0	0	0	0	6	0	3	1	0	3	0	0	1	0	0	31
ASV_676	1	2	2	2	0	1	4	3	5	1	7	3	1	1	3	5	3	8
ASV_784	2	0	0	28	1	0	1	7	0	3	1	2	2	0	0	1	1	0
ASV_918	4	3	0	3	2	4	3	1	2	1	6	3	2	3	3	2	3	1
ASV_558	2	0	0	0	0	0	2	1	6	0	0	0	1	0	0	34	1	3
ASV_559	6	2	3	2	2	1	6	0	2	6	4	4	2	4	4	1	0	1
ASV_595	2	4	0	1	0	1	2	6	2	3	2	8	8	3	3	6	0	3
ASV_639	1	2	4	3	0	2	3	5	1	4	4	3	7	2	0	2	1	0
ASV_652	1	8	1	5	3	3	2	2	1	2	2	3	4	0	3	3	3	2
ASV_782	3	4	0	1	3	2	9	1	1	1	4	2	2	1	2	6	2	5
ASV_1086	3	0	2	2	0	3	7	5	4	3	4	7	2	1	0	3	2	3
ASV_1129	0	5	7	3	1	1	4	1	3	1	3	4	2	1	3	4	3	3
ASV_501	2	2	1	5	4	1	2	7	0	3	4	4	2	0	1	3	1	6
ASV_521	0	2	3	1	0	2	3	3	5	2	2	4	1	3	6	4	3	4
ASV_546	0	3	1	2	0	1	0	12	5	5	4	2	2	0	6	0	2	2
ASV_557	4	2	6	3	2	1	1	2	0	2	3	1	6	2	3	1	1	3
ASV_626	3	4	4	1	1	6	1	0	0	4	2	2	4	3	1	6	4	2
ASV_659	3	2	1	1	0	7	5	5	3	0	2	8	2	2	5	2	1	0
ASV_706	2	1	3	2	1	5	0	7	2	2	2	3	1	1	3	2	2	2
ASV_786	0	0	0	4	0	1	6	6	8	20	0	0	0	1	0	0	1	1
ASV_525	1	2	2	0	3	1	3	4	1	4	2	0	0	4	6	5	0	7
ASV_544	3	5	10	0	0	9	3	0	4	7	0	0	2	1	2	0	2	0
ASV_552	1	4	0	0	4	3	3	0	2	2	3	6	1	6	3	0	1	6
ASV_613	3	1	0	2	0	1	7	3	3	4	4	8	4	1	3	0	3	3
ASV_712	1	1	0	0	0	1	2	0	7	13	5	0	2	5	8	4	0	1
ASV_846	5	1	0	0	1	5	2	0	3	3	4	2	1	8	6	0	3	6
ASV_884	3	5	0	1	2	4	5	2	3	2	6	5	1	2	3	0	1	3
ASV_1128	1	2	1	2	1	6	6	2	3	2	3	4	2	3	5	3	1	1
ASV_1242	0	2	0	4	2	1	8	4	4	3	5	3	1	2	3	4	2	1
ASV_1254	0	1	2	2	3	5	3	2	0	1	6	2	2	3	4	2	4	3
ASV_522	2	2	0	1	0	0	3	8	5	5	3	2	4	1	2	3	2	2
ASV_540	2	5	1	1	3	0	1	2	2	2	3	4	3	3	3	2	3	4
ASV_575	4	3	1	3	0	3	3	0	2	2	1	5	6	5	2	2	0	3
ASV_598	0	0	1	0	0	0	47	0	0	0	0	0	0	0	0	0	0	0
ASV_624	2	4	0	2	1	1	1	3	4	1	4	8	5	2	3	4	0	2
ASV_643	4	1	0	0	0	0	2	4	3	4	1	3	1	0	0	17	0	5
ASV_662	9	2	1	1	0	0	2	2	1	3	2	2	0	3	3	11	0	5
ASV_664	2	4	7	1	3	2	2	3	0	1	4	1	0	4	3	4	2	1
ASV_700	3	2	8	0	0	4	2	1	4	3	3	4	2	1	0	2	2	2
ASV_720	1	0	0	0	0	3	3	4	7	0	13	0	2	0	2	2	2	1
ASV_963	1	1	2	0	3	6	3	2	3	2	3	4	0	1	4	2	1	1
ASV_972	0	5	1	1	0	2	4	4	6	3	3	4	4	0	2	2	1	2
ASV_997	2	1	1	4	1	5	2	4	3	0	7	6	3	0	3	2	3	0
ASV_1214	1	3	3	1	2	1	5	1	2	4	1	7	1	1	1	1	4	6
ASV_1244	1	2	2	0	1	2	2	3	9	5	3	2	1	2	3	2	2	3
ASV_1341	0	0	0	1	1	3	4	4	0	2	19	1	0	1	0	9	0	0
ASV_475	3	4	1	2	0	1	5	3	3	3	9	5	4	0	0	0	1	1
ASV_510	3	0	0	0	0	2	1	11	0	7	0	1	6	0	0	1	14	2
ASV_541	1	1	1	0	0	1	6	5	2	1	5	3	4	2	4	1	1	5
ASV_581	4	2	3	5	0	2	2	5	2	2	1	6	3	3	1	2	2	2
ASV_617	3	1	2	3	2	7	2	5	2	4	3	6	1	0	1	2	1	0
ASV_618	6	0	1	0	8	1	4	7	0	5	3	1	1	2	0	3	4	2
ASV_708	5	5	2	0	0	15	7	0	0	1	2	3	0	0	2	3	0	1
ASV_829	1	5	2	1	0	1	3	4	3	4	2	6	2	2	1	0	1	6
ASV_1020	2	1	3	2	4	3	2	6	2	1	2	3	0	3	3	3	1	0
ASV_1351	4	4	5	0	0	1	4	6	5	4	2	1	0	3	3	2	0	1
ASV_539	2	4	1	2	2	3	1	1	3	2	5	2	5	2	1	5	1	4
ASV_564	0	1	3	4	2	5	3	1	5	1	1	3	3	6	1	1	3	1
ASV_667	3	1	6	2	0	1	7	6	2	1	0	4	1	3	1	1	3	3
ASV_686	3	6	0	1	2	5	5	3	3	1	4	3	1	4	3	2	1	0
ASV_690	3	2	0	3	2	3	4	0	2	1	4	5	0	0	4	3	3	4
ASV_691	3	1	1	6	0	3	0	3	8	2	0	0	9	1	1	1	8	0
ASV_725	3	1	3	0	8	0	1	3	1	6	0	0	3	2	3	3	0	5
ASV_757	0	6	1	1	2	0	3	3	3	2	1	2	4	3	5	7	0	1
ASV_851	2	0	2	4	3	2	0	1	1	3	3	2	6	2	3	3	5	3
ASV_880	2	4	2	4	0	2	4	1	1	2	0	6	2	3	2	3	2	3
ASV_1200	2	4	5	3	0	1	5	3	2	2	4	3	1	0	3	0	4	1
ASV_1231	2	2	4	3	1	1	3	2	4	2	3	3	2	3	0	2	2	3
ASV_1301	3	3	8	0	0	3	2	6	2	1	3	4	0	2	2	1	1	1
ASV_1303	5	2	3	1	0	0	1	2	4	1	0	2	5	2	6	3	3	4
ASV_1410	0	3	1	2	4	0	3	2	3	2	1	2	3	0	2	2	4	6
ASV_1411	4	1	0	4	2	1	2	2	2	7	2	1	2	2	5	3	1	2
ASV_1487	0	1	0	2	0	1	2	0	1	3	0	1	1	1	2	24	2	2
ASV_1526	0	2	0	1	0	0	5	13	3	4	1	3	3	3	3	2	2	2
ASV_576	2	2	6	0	4	16	1	2	1	0	1	0	0	0	0	1	1	2
ASV_628	2	2	3	6	1	1	1	2	0	1	4	4	0	2	1	3	2	6
ASV_678	1	1	2	0	1	0	7	3	1	5	3	3	4	2	5	1	0	3
ASV_696	1	0	0	7	0	3	8	2	1	1	2	2	2	1	4	4	1	6
ASV_716	1	4	1	1	1	1	5	3	3	1	2	2	1	0	1	14	1	3
ASV_730	8	0	0	1	4	3	1	0	2	1	4	7	1	0	3	0	1	2
ASV_763	3	4	1	4	3	6	4	2	2	2	1	5	2	0	2	1	0	2
ASV_859	0	2	0	0	5	3	1	7	0	0	3	2	1	2	3	1	4	5
ASV_971	0	0	3	0	1	0	2	1	7	1	7	6	1	6	1	3	3	1
ASV_992	5	3	0	3	0	1	2	2	4	4	1	4	4	2	4	1	0	1
ASV_1021	0	0	0	0	0	0	45	0	0	0	1	0	0	0	0	0	1	0
ASV_1049	2	2	4	1	2	2	3	3	2	2	0	4	4	1	0	4	5	1
ASV_1091	2	4	0	3	0	11	2	0	4	6	1	0	2	0	3	0	1	1
ASV_1258	3	1	1	4	2	2	1	0	4	2	4	1	1	2	3	0	4	4
ASV_1322	1	3	3	0	0	1	7	9	4	3	3	1	4	0	3	1	0	1
ASV_582	3	0	0	3	1	0	6	1	6	5	0	3	3	3	6	2	1	2
ASV_589	5	2	3	3	0	3	5	4	1	2	0	3	1	1	4	1	4	1
ASV_619	2	3	1	4	2	4	0	5	1	3	2	4	2	1	6	0	1	1
ASV_666	6	3	4	1	0	2	3	3	2	4	2	0	1	0	3	1	1	3
ASV_890	2	2	0	2	0	6	4	0	2	3	7	3	1	0	4	1	1	2
ASV_904	0	2	0	1	5	4	3	3	2	4	4	3	3	1	1	4	2	1
ASV_1083	0	2	0	3	0	1	3	5	1	2	3	3	2	2	6	1	2	6
ASV_1134	0	0	2	2	15	0	0	9	0	2	2	0	0	0	4	1	0	5
ASV_1191	1	3	0	1	2	2	5	5	3	5	2	1	3	3	3	1	2	1
ASV_1286	2	2	0	5	1	6	5	1	1	4	0	4	1	2	4	1	3	2
ASV_654	1	3	3	3	1	1	3	4	2	3	2	2	1	2	3	3	0	3
ASV_658	6	1	6	0	2	2	3	2	1	2	2	5	2	2	1	1	1	2
ASV_734	0	1	26	0	0	0	2	0	1	2	0	0	0	0	0	1	0	2
ASV_768	2	0	1	2	2	8	4	5	2	4	2	3	1	0	2	2	0	2
ASV_821	5	4	1	3	1	2	0	2	0	3	3	2	4	2	5	2	3	2
ASV_840	1	1	13	5	2	0	3	1	2	2	1	1	0	0	3	1	1	2
ASV_1019	1	0	0	1	1	0	5	4	2	4	3	7	1	0	1	3	2	6
ASV_1142	3	1	1	2	3	3	5	2	1	4	2	0	1	1	3	4	1	4
ASV_1315	1	5	1	1	2	0	0	3	2	2	3	3	2	5	2	2	3	4
ASV_1403	1	2	2	3	2	3	6	1	3	2	2	3	3	0	0	4	0	2
ASV_512	2	1	0	0	1	2	4	2	4	7	1	0	0	0	9	1	0	6
ASV_533	1	1	0	3	0	1	2	2	5	1	2	5	0	1	1	1	1	9
ASV_565	0	2	2	2	2	1	1	6	1	3	3	1	1	4	4	2	2	4
ASV_616	3	17	7	1	0	0	0	0	1	1	0	1	0	0	0	2	0	3
ASV_622	0	2	0	0	0	1	4	4	2	5	0	3	3	2	3	7	0	4
ASV_623	1	4	0	1	0	0	3	6	2	5	2	2	2	1	7	1	3	2
ASV_635	3	3	1	4	0	5	4	3	1	4	2	1	3	3	1	2	0	1
ASV_636	0	1	1	4	1	1	4	1	1	5	7	4	0	2	3	1	1	4
ASV_644	2	4	1	1	4	2	4	3	0	1	1	2	3	0	4	0	1	5
ASV_687	5	0	0	3	0	2	1	4	2	1	1	4	2	0	0	1	1	15
ASV_710	2	2	2	0	1	1	3	1	1	1	5	5	6	0	4	3	2	5
ASV_905	3	1	0	2	0	1	6	2	3	4	3	4	7	2	0	0	2	1
ASV_929	0	1	1	0	1	4	14	2	0	0	1	2	1	1	11	1	1	1
ASV_991	1	2	2	3	1	4	6	1	1	1	2	5	2	3	1	2	2	0
ASV_1078	1	1	1	3	1	2	2	8	5	2	5	1	5	0	3	1	0	0
ASV_1245	1	3	1	0	2	0	2	2	1	5	1	5	2	3	4	3	2	3
ASV_1495	1	3	2	2	2	1	4	2	2	5	3	4	0	1	2	3	0	2
ASV_1516	1	2	0	0	4	2	4	3	4	1	2	2	1	0	3	0	5	3
ASV_593	4	2	0	0	0	2	2	7	1	3	0	4	2	0	4	4	3	4
ASV_602	6	5	6	0	1	2	2	2	0	0	1	1	2	2	0	4	4	1
ASV_645	2	1	1	1	1	2	2	1	7	4	2	1	1	5	3	2	2	3
ASV_660	1	2	4	2	1	8	0	1	1	0	3	2	2	3	2	4	3	0
ASV_661	12	3	1	0	0	0	2	2	7	2	1	2	3	1	1	2	2	1
ASV_688	3	6	0	1	1	0	4	5	5	4	0	1	0	0	2	1	1	1
ASV_713	0	1	3	3	2	5	3	0	2	1	5	5	2	0	0	2	2	2
ASV_769	4	1	4	4	3	2	0	4	3	1	3	0	1	2	1	2	2	0
ASV_794	2	7	2	1	2	2	0	3	4	0	4	0	1	0	2	1	9	1
ASV_899	1	2	1	0	1	0	3	2	1	5	4	3	1	0	2	8	0	3
ASV_1249	1	2	1	0	0	0	6	2	3	1	3	7	7	1	4	0	0	1
ASV_1467	3	4	1	3	0	0	1	2	4	0	3	1	5	3	2	1	0	3
ASV_1470	1	1	1	1	0	0	3	1	3	3	4	1	3	4	2	3	6	1
ASV_606	0	0	1	0	0	3	4	7	2	1	2	6	1	0	7	4	0	0
ASV_647	2	0	1	2	1	0	0	4	3	0	1	4	3	3	5	5	3	2
ASV_656	0	0	1	0	8	0	0	3	1	3	5	2	5	3	3	2	0	1
ASV_693	0	1	2	4	0	1	4	0	2	4	2	3	2	0	4	3	2	6
ASV_694	5	3	0	0	0	0	8	0	2	3	3	5	1	1	2	1	2	5
ASV_695	0	0	38	0	0	0	0	1	0	0	0	0	0	0	0	0	0	0
ASV_745	3	2	5	2	2	2	1	3	0	2	0	4	0	3	9	1	2	2
ASV_753	0	1	1	0	1	0	1	1	1	5	6	6	4	2	5	2	1	1
ASV_791	3	0	0	4	2	5	0	1	3	5	4	5	0	3	1	2	2	1
ASV_801	1	2	5	3	2	4	3	1	1	3	2	1	3	2	0	2	0	2
ASV_830	3	7	0	0	0	1	2	3	0	0	0	0	8	2	2	5	0	4
ASV_864	3	2	6	3	1	0	2	3	1	2	3	2	2	3	3	2	1	2
ASV_873	5	1	1	1	0	2	1	1	6	2	1	3	3	2	3	2	0	5
ASV_895	1	6	2	1	1	3	5	1	5	2	2	3	2	2	0	4	1	0
ASV_958	1	1	1	0	2	0	4	4	2	4	2	6	0	2	0	3	5	1
ASV_985	2	2	1	0	0	0	3	0	4	4	3	4	2	3	6	1	3	3
ASV_1109	6	1	1	3	1	1	0	4	3	2	5	1	1	0	1	3	3	3
ASV_1330	0	1	2	1	0	3	6	5	4	1	2	3	3	0	5	3	2	0
ASV_1365	3	3	1	2	2	2	0	4	4	2	0	7	1	3	1	0	0	2
ASV_665	6	0	0	0	3	3	6	4	0	2	5	1	0	0	2	3	3	2
ASV_715	0	2	3	1	2	2	2	1	1	0	12	3	2	0	0	1	4	0
ASV_741	4	4	6	1	4	3	2	2	0	1	0	2	0	2	0	3	3	1
ASV_771	3	1	1	1	0	3	1	5	1	5	5	1	2	3	2	1	1	2
ASV_772	2	9	5	2	2	2	0	2	2	1	0	3	1	2	2	5	0	1
ASV_815	1	0	1	0	0	0	1	1	5	3	0	7	15	0	1	0	0	1
ASV_835	0	2	0	2	5	3	1	7	1	1	2	0	0	0	1	3	3	1
ASV_878	1	3	0	0	0	3	2	3	1	1	0	1	3	0	9	1	3	2
ASV_906	1	0	0	0	0	0	18	2	0	13	0	6	0	0	0	0	0	0
ASV_910	4	2	0	1	2	1	0	2	5	3	1	3	2	1	0	3	4	2
ASV_949	2	4	5	1	0	2	1	4	1	1	4	1	1	1	4	4	0	6
ASV_986	2	1	0	1	0	3	2	2	4	1	2	3	5	0	2	4	2	4
ASV_1099	3	3	1	2	0	1	2	4	3	4	0	3	1	0	2	3	0	4
ASV_1465	6	5	0	0	1	1	0	5	4	3	2	1	3	1	0	3	3	1
ASV_648	4	0	1	2	0	0	3	2	1	5	5	4	2	1	3	2	3	3
ASV_650	3	1	2	3	1	3	3	1	1	0	4	4	3	2	0	2	2	0
ASV_672	3	0	0	0	1	0	17	2	10	1	1	2	0	0	0	0	0	3
ASV_778	4	3	3	3	3	3	0	2	0	1	1	3	1	1	1	2	1	2
ASV_856	2	0	20	2	0	0	0	0	1	0	2	2	2	0	2	0	0	1
ASV_863	0	2	2	0	1	3	3	4	1	1	6	4	4	0	2	1	0	3
ASV_945	2	3	4	2	1	3	2	10	0	1	1	1	1	0	1	1	0	1
ASV_1073	2	1	0	0	1	1	5	2	2	0	1	21	0	0	0	0	2	1
ASV_1205	0	0	0	0	0	1	3	4	4	7	2	2	4	1	3	4	1	0
ASV_1353	1	4	2	2	2	2	0	2	1	0	1	3	4	4	2	1	1	2
ASV_1358	4	1	1	0	2	0	6	0	2	2	4	3	1	1	1	6	1	1
ASV_1389	0	1	0	3	0	4	2	3	2	2	4	3	1	3	2	3	2	2
ASV_1406	4	2	2	1	1	3	3	1	2	1	2	4	0	2	1	3	1	2
ASV_1441	2	0	1	0	2	4	1	2	6	4	3	2	2	1	3	2	1	0
ASV_1528	4	3	1	1	0	1	3	3	4	2	2	1	1	0	1	2	0	6
ASV_657	0	1	0	2	4	1	1	3	2	6	4	1	3	1	0	4	1	3
ASV_758	0	0	2	0	25	1	0	1	0	0	0	0	0	0	0	0	0	2
ASV_767	1	1	2	2	3	3	3	3	2	1	6	0	1	1	0	3	1	2
ASV_770	4	3	0	0	0	5	4	2	0	1	0	6	1	0	2	2	8	0
ASV_825	7	0	1	0	5	1	1	4	0	4	0	2	2	1	2	0	2	2
ASV_911	3	1	0	0	3	0	2	0	3	2	4	4	6	3	1	2	1	1
ASV_1024	0	2	0	0	0	0	2	0	2	4	1	2	0	3	0	20	0	0
ASV_1056	0	3	0	0	1	1	3	11	3	4	1	4	1	2	0	1	1	1
ASV_1076	0	0	0	0	0	3	5	4	2	0	3	2	8	3	4	0	0	2
ASV_1104	1	8	0	1	0	0	1	3	2	1	2	0	4	2	5	1	2	1
ASV_1280	1	0	0	1	0	0	7	5	1	0	3	2	0	1	3	7	2	6
ASV_1355	3	3	2	1	0	3	3	6	3	0	2	3	2	1	1	2	0	1
ASV_1419	0	1	1	2	0	3	4	3	2	2	1	2	1	2	2	1	1	6
ASV_1423	2	2	1	0	0	0	3	6	1	4	4	2	0	1	2	6	0	2
ASV_609	3	2	0	4	4	0	0	2	0	1	3	2	2	6	1	2	1	0
ASV_682	1	3	3	0	1	1	1	3	2	2	1	3	3	4	5	1	2	2
ASV_685	3	3	2	3	1	0	1	4	0	1	4	6	3	0	1	1	0	3
ASV_697	0	0	0	14	0	16	0	0	0	0	0	0	0	0	0	0	0	0
ASV_707	2	1	0	3	1	1	3	7	2	5	2	1	0	1	3	0	1	2
ASV_727	2	0	0	0	0	0	21	0	4	7	0	2	0	0	0	0	0	0
ASV_729	1	0	0	2	0	5	0	3	1	0	1	2	0	7	13	0	0	0
ASV_838	2	0	0	0	0	2	9	0	6	6	2	0	0	3	4	0	0	1
ASV_839	1	5	1	1	0	2	4	6	1	2	2	2	1	1	4	2	3	1
ASV_901	0	3	0	1	0	0	7	0	0	3	0	0	2	3	2	2	5	6
ASV_916	2	0	0	1	0	5	0	3	3	0	1	1	1	0	8	2	11	0
ASV_1145	1	1	0	1	0	1	4	5	8	0	2	6	2	0	5	0	0	0
ASV_1213	3	1	0	0	0	0	4	1	1	3	3	2	8	5	2	2	1	1
ASV_1224	4	1	0	2	0	2	2	2	1	1	3	3	1	2	2	0	5	5
ASV_1271	3	2	1	0	0	1	2	7	0	2	1	3	4	1	1	4	0	2
ASV_614	3	0	0	4	2	3	1	2	2	3	2	1	1	3	3	1	1	3
ASV_627	3	0	1	1	0	0	4	1	3	2	3	2	3	1	3	6	2	0
ASV_651	1	2	0	2	0	5	2	4	1	3	4	3	0	2	2	0	1	0
ASV_764	1	2	4	4	4	3	0	3	1	0	1	3	0	4	0	0	1	2
ASV_792	0	3	1	1	0	4	4	3	3	2	3	4	1	2	3	0	2	2
ASV_793	1	5	1	1	1	2	1	0	0	6	2	2	3	4	1	1	1	3
ASV_819	6	1	4	0	1	0	0	11	0	0	0	4	0	0	5	1	0	1
ASV_833	2	2	0	3	0	1	5	0	4	6	0	2	0	0	2	1	3	3
ASV_889	2	4	5	1	3	1	2	2	1	1	2	0	0	1	5	1	1	3
ASV_902	1	7	3	2	2	3	3	0	0	1	2	2	0	0	4	4	0	2
ASV_915	3	1	1	2	2	1	4	1	3	1	2	1	3	0	0	0	2	3
ASV_932	2	2	2	4	1	5	1	1	2	3	4	1	1	1	2	1	1	1
ASV_1015	1	1	1	2	0	1	14	2	2	0	2	7	0	1	0	1	0	0
ASV_1096	1	0	1	1	4	3	5	1	3	3	1	4	1	0	2	1	0	3
ASV_1135	2	5	2	3	0	4	5	0	1	0	1	1	1	1	2	0	0	5
ASV_1194	0	3	0	2	0	4	5	3	0	0	1	3	3	1	1	1	3	2
ASV_1240	0	1	0	0	0	0	5	8	5	0	3	3	2	4	3	0	1	0
ASV_1251	1	3	5	2	0	0	1	5	3	3	2	1	3	1	4	1	1	2
ASV_1326	1	0	3	0	1	0	3	3	0	2	3	4	1	2	3	3	3	1
ASV_1340	0	2	0	2	0	2	2	0	3	2	0	3	3	3	2	2	3	2
ASV_1348	4	1	1	3	0	1	4	2	1	1	2	4	1	1	2	2	2	3
ASV_653	1	3	1	0	0	2	3	2	3	3	1	4	1	1	3	2	0	5
ASV_655	0	2	0	1	0	2	1	0	1	1	2	0	1	2	5	0	12	3
ASV_703	1	1	1	1	3	2	2	1	2	1	1	1	6	0	3	2	3	3
ASV_709	1	2	0	0	3	1	0	3	1	5	2	0	10	2	2	1	0	1
ASV_721	1	4	1	1	4	3	0	1	2	1	4	2	2	5	0	0	1	2
ASV_722	3	4	1	1	1	2	0	1	3	3	1	0	4	2	2	2	3	0
ASV_751	2	6	3	1	1	0	3	1	3	2	0	1	3	1	3	2	0	1
ASV_806	6	3	0	0	0	6	0	1	2	0	4	2	1	5	0	0	0	3
ASV_1038	6	3	0	2	0	4	6	2	2	2	0	1	1	2	2	0	0	2
ASV_1050	2	3	1	0	0	1	3	1	1	3	0	3	1	2	0	2	1	4
ASV_1137	0	4	1	0	5	3	2	1	0	2	1	2	1	0	4	1	1	2
ASV_1168	1	3	0	1	2	1	3	2	2	4	3	2	2	0	2	0	4	1
ASV_631	1	1	1	2	1	0	2	2	3	3	1	3	0	3	2	2	0	4
ASV_663	2	2	1	2	0	1	4	2	1	3	0	5	2	1	1	0	6	1
ASV_669	2	3	2	2	3	1	1	3	0	0	2	5	2	1	3	1	1	2
ASV_699	5	1	3	1	0	0	2	1	1	1	3	1	1	1	5	0	0	3
ASV_724	3	3	4	1	1	1	4	1	0	0	0	2	2	1	2	2	2	4
ASV_726	2	4	0	0	0	0	1	3	2	3	1	1	3	2	4	2	2	1
ASV_739	2	2	1	3	0	9	1	1	1	1	1	2	0	0	3	3	1	1
ASV_756	1	3	3	5	0	1	2	0	3	6	1	2	4	0	2	1	0	0
ASV_796	2	2	1	2	0	0	4	2	0	2	0	4	0	0	0	12	0	2
ASV_861	0	2	1	2	1	3	2	3	1	1	5	3	1	0	2	1	4	0
ASV_907	1	0	0	0	1	0	11	0	4	1	0	4	3	2	2	1	0	2
ASV_922	6	3	0	0	0	0	3	3	1	14	1	0	0	0	1	3	0	0
ASV_1064	1	3	1	2	4	2	0	2	1	1	5	3	2	0	0	0	1	1
ASV_1285	4	3	3	1	1	0	4	1	0	1	1	1	1	1	2	0	6	4
ASV_1360	1	7	0	1	4	3	2	0	2	2	1	1	0	0	0	1	0	6
ASV_1432	4	4	0	2	0	1	4	1	0	0	2	5	2	1	1	3	0	2
ASV_1482	0	14	3	0	3	1	0	1	3	1	4	1	0	0	0	0	0	1
ASV_728	6	2	2	2	1	2	2	4	3	1	0	1	1	0	1	2	0	3
ASV_735	0	0	0	0	0	0	0	1	0	0	0	1	4	0	0	25	2	0
ASV_740	3	0	3	1	2	0	2	1	3	0	4	3	1	0	2	2	2	5
ASV_748	3	2	2	2	0	6	0	1	1	3	4	2	1	1	1	2	0	0
ASV_779	2	0	0	2	1	4	1	2	3	2	1	2	1	0	2	3	1	1
ASV_799	2	0	0	0	0	0	11	0	0	14	0	2	0	0	0	0	0	0
ASV_807	1	1	0	4	0	1	1	4	6	0	2	3	1	1	0	3	2	2
ASV_808	1	2	7	1	0	2	3	1	1	1	2	0	0	0	4	0	3	4
ASV_817	1	4	2	2	2	3	1	2	1	2	0	5	1	0	0	1	3	1
ASV_912	1	1	1	0	1	5	3	2	1	1	1	7	2	1	2	1	2	2
ASV_938	1	2	1	3	3	5	4	2	1	2	0	1	3	1	0	2	1	0
ASV_957	2	5	0	1	2	3	0	3	2	0	3	2	1	3	1	1	3	2
ASV_981	1	0	0	0	0	0	8	3	3	3	2	4	2	3	4	0	1	2
ASV_1065	0	2	1	3	0	2	1	6	2	1	3	1	1	3	1	1	2	1
ASV_1161	3	0	0	0	0	0	2	2	2	2	2	4	0	0	4	3	1	1
ASV_1235	1	4	1	1	2	0	2	3	2	1	2	4	0	1	2	2	3	2
ASV_1369	1	0	2	1	0	2	0	1	5	1	3	0	3	1	1	4	2	5
ASV_1408	0	0	1	2	0	1	4	1	0	6	1	1	2	2	1	2	1	4
ASV_755	1	2	2	0	0	0	2	1	2	1	4	2	1	0	3	10	0	1
ASV_760	0	0	0	0	0	0	1	4	1	6	4	2	1	3	4	2	0	4
ASV_774	1	2	0	2	1	0	3	2	0	2	3	0	3	3	1	1	0	3
ASV_789	1	0	0	0	0	3	2	0	2	4	6	1	0	0	5	2	4	0
ASV_803	1	4	1	2	0	1	4	2	0	2	2	0	1	1	1	5	0	2
ASV_816	0	2	1	3	0	3	3	3	2	2	1	2	0	1	0	0	0	1
ASV_874	0	3	2	1	0	4	4	2	2	0	2	1	2	1	1	2	2	2
ASV_898	0	2	0	0	1	1	2	4	4	0	2	4	0	2	2	2	3	2
ASV_1058	0	2	1	5	0	2	1	2	1	2	1	2	0	1	2	3	4	1
ASV_1253	0	0	2	1	3	2	3	1	3	1	0	0	3	3	1	3	2	1
ASV_1380	0	2	1	3	1	2	0	4	0	1	1	3	1	1	2	2	4	1
ASV_1397	0	1	1	0	0	0	4	9	3	1	0	3	2	0	4	0	1	2
ASV_1402	1	1	2	0	1	0	10	1	1	1	1	5	1	1	0	2	3	0
ASV_1473	0	4	1	1	0	3	5	1	3	0	0	3	3	2	4	0	0	0
ASV_785	1	0	0	11	0	0	0	17	0	1	0	0	0	0	0	0	0	0
ASV_818	7	1	2	0	0	1	8	0	1	2	1	1	1	1	1	1	1	1
ASV_824	2	1	0	0	4	1	1	2	2	3	0	3	3	4	1	3	1	0
ASV_828	0	2	0	0	3	1	0	3	0	2	3	1	3	2	1	1	2	2
ASV_923	3	0	0	3	1	1	0	2	3	2	1	2	0	1	0	0	5	3
ASV_948	3	1	0	3	0	1	1	4	1	0	0	1	2	2	2	4	4	0
ASV_1013	1	1	4	4	2	0	2	5	1	1	2	0	1	0	1	4	0	1
ASV_1014	2	0	2	0	0	0	3	2	6	1	3	0	3	0	1	4	3	0
ASV_1103	4	3	0	1	0	1	3	1	2	1	2	4	2	0	1	0	3	2
ASV_1110	2	0	2	0	0	2	0	3	2	0	3	2	0	0	1	6	0	1
ASV_1113	2	0	2	0	1	1	3	0	0	1	1	5	2	2	2	2	1	0
ASV_1116	0	5	0	0	1	0	2	6	3	1	1	4	1	0	2	1	0	3
ASV_1174	1	0	1	2	1	4	1	2	2	5	3	1	1	0	1	0	0	0
ASV_1184	2	1	1	2	0	2	4	0	3	1	1	2	1	0	3	4	1	0
ASV_1209	2	0	0	1	0	4	3	2	2	1	4	3	3	1	1	2	0	0
ASV_1289	1	0	0	2	2	3	1	1	4	0	4	0	2	3	5	3	0	1
ASV_1347	6	1	0	1	0	0	5	1	0	1	3	4	1	2	1	2	1	1
ASV_1352	2	2	0	1	1	2	2	1	5	1	2	2	3	1	0	1	2	3
ASV_1451	2	3	2	1	0	0	2	1	2	1	0	3	0	4	1	2	1	3
ASV_1527	1	1	0	0	0	1	3	19	0	5	1	0	0	0	0	1	0	0
ASV_719	0	0	16	0	1	0	0	2	0	0	2	2	0	1	0	0	0	2
ASV_747	0	2	2	1	3	1	1	3	2	1	1	1	4	0	4	0	0	1
ASV_841	3	1	0	3	2	1	0	2	3	0	1	2	1	3	4	1	1	0
ASV_872	2	2	2	1	0	3	1	4	4	4	0	2	4	0	3	0	0	0
ASV_896	0	4	1	0	8	0	1	1	0	0	2	3	0	4	0	1	3	1
ASV_926	0	2	1	1	2	1	1	1	0	2	1	2	1	1	7	0	5	2
ASV_960	0	4	0	0	2	0	2	4	2	1	5	1	5	1	1	0	1	0
ASV_1026	6	0	0	0	0	0	1	2	0	1	0	8	10	0	2	0	0	1
ASV_1028	1	3	2	1	7	3	0	1	1	1	0	0	1	1	1	1	2	1
ASV_1043	1	2	1	2	1	0	4	4	1	1	1	2	3	0	1	0	0	3
ASV_1059	1	1	0	2	1	0	1	2	4	0	5	4	2	0	3	0	1	2
ASV_1063	0	2	1	0	0	0	2	6	1	3	1	4	1	1	3	0	1	4
ASV_1180	1	1	0	0	2	0	0	3	4	1	3	2	2	6	3	0	0	2
ASV_1217	2	0	1	2	3	3	1	1	2	1	1	3	1	1	3	1	1	2
ASV_1226	7	2	4	0	0	0	0	0	4	1	0	3	3	0	0	0	3	0
ASV_1302	1	1	0	0	2	3	3	2	1	0	3	2	2	3	2	0	1	1
ASV_1438	4	1	0	3	1	2	1	0	3	2	1	3	2	2	1	0	0	2
ASV_1479	3	4	1	3	1	2	0	2	0	3	1	0	0	1	2	0	2	1
ASV_1489	1	1	0	0	0	1	1	3	1	3	0	15	0	1	1	0	0	0
ASV_1515	1	0	2	0	4	0	1	1	1	0	0	1	0	0	10	0	3	3
ASV_788	1	0	0	1	5	0	2	4	1	1	7	0	0	0	0	1	0	0
ASV_802	2	0	4	0	3	2	2	1	0	3	3	1	0	0	0	1	0	2
ASV_822	1	4	2	3	0	1	1	2	2	4	2	1	1	0	1	1	1	2
ASV_852	1	4	1	0	0	0	5	6	1	2	1	0	2	0	0	4	0	4
ASV_853	2	0	0	1	2	2	3	2	2	0	3	2	3	1	0	1	3	1
ASV_869	0	0	1	0	0	10	3	0	1	1	2	1	2	0	0	1	0	0
ASV_927	0	2	0	2	0	0	3	2	0	3	1	4	3	2	2	1	0	1
ASV_947	2	0	0	1	0	1	3	2	1	2	6	5	1	1	0	2	0	3
ASV_1008	3	4	0	1	0	0	4	0	3	0	1	1	2	2	0	2	0	2
ASV_1009	0	9	1	1	2	1	0	1	1	5	1	1	1	0	0	0	1	0
ASV_1030	1	0	0	0	3	0	1	2	3	4	2	2	1	0	1	0	0	7
ASV_1034	4	5	0	3	1	2	0	1	1	1	1	3	1	1	2	1	1	1
ASV_1057	2	4	0	1	1	1	0	3	0	3	1	0	1	2	1	2	3	2
ASV_1069	1	2	3	2	1	0	1	2	0	1	1	1	0	4	4	2	0	1
ASV_1084	0	0	2	0	0	0	0	11	3	2	0	0	1	2	2	0	0	7
ASV_1263	0	0	1	1	0	2	2	0	0	5	5	1	1	2	1	3	0	1
ASV_1298	2	2	1	0	0	0	5	3	3	4	1	3	0	1	1	1	0	1
ASV_1325	2	1	1	2	0	2	3	0	1	1	1	1	1	2	2	2	3	3
ASV_1337	1	0	0	0	1	1	1	0	1	1	3	0	2	1	5	4	2	5
ASV_1359	6	1	0	0	2	1	1	1	2	2	2	2	1	2	1	4	1	1
ASV_1407	0	2	1	1	0	7	5	2	0	0	3	4	1	1	1	1	0	0
ASV_1437	2	4	0	8	1	0	0	1	2	2	2	1	1	1	0	2	1	1
ASV_1471	0	1	0	2	0	4	3	1	0	0	3	3	1	2	1	2	1	1
ASV_1517	2	0	0	0	2	1	2	1	0	1	0	0	14	0	0	2	0	2
ASV_759	1	0	0	6	1	5	1	1	1	1	1	1	0	0	0	5	3	0
ASV_775	1	3	1	3	0	0	2	2	1	1	2	2	0	1	1	1	1	4
ASV_777	3	2	0	2	0	1	3	2	0	1	1	2	2	1	2	1	3	1
ASV_787	0	0	0	3	2	0	0	1	1	1	3	4	4	3	1	2	0	4
ASV_809	0	3	0	0	2	2	0	2	2	2	3	1	0	0	0	0	8	0
ASV_827	6	2	2	0	1	0	3	2	2	1	1	1	2	1	0	1	0	0
ASV_831	1	1	22	0	0	0	0	0	0	0	0	0	0	0	0	0	0	0
ASV_844	4	2	2	2	0	1	3	1	0	2	2	4	2	1	3	0	0	1
ASV_857	2	2	4	0	1	2	1	0	2	2	1	1	0	0	1	0	0	2
ASV_887	3	2	0	0	1	3	0	1	1	0	3	0	1	4	4	3	0	1
ASV_939	1	0	0	0	0	3	2	5	1	1	4	2	2	0	2	0	3	1
ASV_946	1	0	2	0	1	2	4	3	1	2	2	2	1	0	5	1	2	1
ASV_954	2	1	1	2	0	0	1	0	2	3	2	3	1	0	2	1	4	1
ASV_1087	1	1	0	0	0	0	1	6	1	0	0	1	1	1	1	7	0	6
ASV_1094	3	2	0	6	4	1	0	0	0	0	1	2	4	2	0	0	1	1
ASV_1105	6	0	0	0	1	0	3	2	4	3	2	2	0	1	1	2	0	0
ASV_1131	0	0	3	1	0	0	1	0	3	4	4	3	0	2	5	0	1	1
ASV_1144	0	0	0	1	0	1	6	1	2	1	3	1	3	1	4	1	0	1
ASV_1158	1	0	1	0	0	2	1	1	0	2	2	3	5	0	3	0	4	1
ASV_1190	0	3	0	0	1	2	1	2	2	2	1	6	1	2	0	2	2	0
ASV_1207	1	0	1	0	0	1	1	2	4	3	2	3	1	0	1	1	2	1
ASV_1374	2	2	1	1	0	0	5	2	2	1	0	5	1	1	3	1	1	1
ASV_1502	0	2	1	0	0	0	3	1	3	2	2	2	0	4	2	0	2	4
ASV_820	2	5	0	1	1	4	2	0	1	1	0	2	0	0	2	3	0	3
ASV_834	2	1	1	1	2	1	1	0	4	3	3	0	1	1	0	2	1	3
ASV_876	1	4	1	0	1	0	2	1	0	0	2	5	1	0	3	2	1	1
ASV_881	6	2	11	0	0	0	0	0	0	0	0	1	2	2	0	0	2	0
ASV_886	2	2	1	4	1	0	2	2	0	2	2	0	2	1	0	0	1	2
ASV_931	0	2	0	2	0	2	1	3	1	1	2	3	3	0	2	1	2	4
ASV_959	1	4	1	1	0	1	3	2	5	2	1	0	0	1	3	0	0	1
ASV_975	2	0	1	2	0	1	3	2	4	3	1	1	3	2	1	1	0	2
ASV_984	1	0	1	0	0	3	3	2	0	3	4	3	1	0	1	2	2	0
ASV_1085	0	0	0	0	0	0	2	0	0	1	0	0	0	0	0	22	1	0
ASV_1108	4	1	0	0	1	4	3	2	1	2	0	4	3	1	0	0	0	2
ASV_1177	2	1	0	2	2	0	2	1	2	0	1	1	1	2	1	3	0	3
ASV_1232	1	1	2	1	1	7	0	0	1	2	3	3	0	1	0	2	0	1
ASV_1233	0	3	3	3	0	0	1	2	0	0	2	6	1	2	1	1	0	1
ASV_1299	2	1	1	2	1	1	0	1	0	1	0	3	2	1	4	4	0	3
ASV_1305	0	1	0	0	0	1	3	4	2	1	1	5	0	3	2	2	3	1
ASV_1357	2	0	1	0	3	0	2	1	6	4	0	1	2	1	0	2	0	0
ASV_1363	4	0	1	1	0	0	2	0	2	3	3	1	2	0	1	0	1	4
ASV_1435	3	0	4	0	0	2	5	0	2	0	1	1	1	4	1	0	2	1
ASV_1494	2	0	3	0	1	2	2	1	2	2	1	2	2	0	3	1	2	0
ASV_689	1	2	5	0	1	0	4	0	1	0	2	2	1	1	0	1	1	0
ASV_780	1	0	0	3	0	0	3	3	2	4	0	0	3	3	1	0	3	1
ASV_813	3	0	0	1	1	0	4	11	0	2	0	5	0	0	0	0	0	0
ASV_823	5	0	0	1	1	0	1	1	1	1	4	2	0	1	3	0	1	1
ASV_832	0	3	0	1	1	1	0	1	1	0	1	1	3	1	2	1	7	1
ASV_883	1	0	0	1	0	0	3	1	2	1	0	2	4	2	3	2	2	2
ASV_900	1	2	1	0	0	0	3	3	2	2	2	2	0	2	3	2	1	1
ASV_933	1	2	0	1	0	0	0	0	1	1	4	7	2	1	4	0	0	1
ASV_942	0	0	0	0	0	0	0	0	0	0	0	0	0	0	25	0	0	0
ASV_973	0	1	0	1	3	0	1	0	3	1	0	0	2	5	0	2	3	0
ASV_1012	0	0	0	6	0	1	1	2	3	2	0	1	0	0	0	0	1	3
ASV_1039	1	10	0	0	2	1	1	2	1	0	0	0	0	0	0	0	0	0
ASV_1040	1	2	0	1	2	4	0	1	2	0	1	2	0	2	2	1	2	0
ASV_1070	0	1	2	1	1	0	0	4	1	1	1	1	0	1	2	3	1	3
ASV_1079	3	1	0	0	0	2	5	1	2	1	2	2	0	2	2	1	2	0
ASV_1097	2	4	1	2	1	4	0	1	1	2	0	0	0	2	2	3	0	0
ASV_1111	3	1	3	1	0	2	1	5	1	1	3	1	0	0	0	1	0	1
ASV_1152	3	1	0	0	1	0	2	0	2	2	1	1	2	1	0	2	3	2
ASV_1157	0	1	1	0	4	1	2	2	0	3	2	0	2	1	1	1	2	0
ASV_1182	4	2	1	1	4	2	1	0	0	1	1	4	0	1	1	0	2	0
ASV_1188	0	3	0	0	3	0	0	0	2	2	2	2	1	0	4	1	0	2
ASV_1223	1	3	2	1	2	1	1	1	1	0	2	1	1	2	2	4	0	0
ASV_1252	0	0	2	0	1	2	0	3	0	0	1	1	1	2	1	1	2	5
ASV_1269	2	1	0	0	0	0	1	1	1	2	1	3	0	0	0	0	2	9
ASV_1297	1	1	0	1	0	0	2	1	3	1	1	1	2	1	5	3	1	2
ASV_1306	0	2	0	0	4	3	1	3	0	0	1	3	0	3	4	2	0	2
ASV_1310	1	0	0	0	1	0	2	1	0	4	3	3	1	0	0	3	4	0
ASV_1345	0	0	0	0	0	0	0	2	2	1	1	9	2	1	3	3	0	2
ASV_1418	0	0	4	0	0	3	1	1	0	1	1	3	1	0	2	2	4	1
ASV_1434	2	2	3	1	0	1	2	2	0	3	2	1	0	1	0	1	0	2
ASV_1444	2	0	0	0	4	1	0	0	0	0	0	5	1	1	0	3	5	2
ASV_773	2	2	3	2	0	0	2	2	3	1	0	0	1	1	4	2	0	2
ASV_811	0	2	0	2	0	0	1	1	2	2	3	2	1	1	2	1	1	3
ASV_935	0	2	2	1	0	2	0	1	2	2	1	2	1	0	2	3	1	3
ASV_1023	0	0	0	0	0	0	2	2	4	1	0	2	5	3	3	0	1	1
ASV_1035	1	0	0	0	3	3	0	1	1	2	1	4	1	2	1	2	2	1
ASV_1045	3	1	3	2	3	0	0	2	0	2	1	2	0	1	0	1	0	1
ASV_1072	0	0	0	3	0	0	4	3	1	1	2	2	1	0	3	1	0	1
ASV_1092	2	3	2	0	0	1	2	0	0	1	4	1	0	1	1	2	3	1
ASV_1183	3	1	2	1	0	1	1	1	0	2	1	4	0	2	0	1	4	1
ASV_1198	2	0	5	2	0	1	1	2	0	0	3	0	0	2	3	0	0	4
ASV_1313	2	2	5	4	0	0	0	1	0	0	2	1	0	0	0	3	1	2
ASV_1356	1	2	4	0	0	1	4	2	0	2	1	2	1	2	1	0	1	1
ASV_1412	0	0	1	0	1	2	0	9	2	1	0	0	4	7	0	0	0	0
ASV_1503	1	2	0	1	0	1	3	0	2	1	4	2	0	0	2	1	2	1
ASV_1509	0	1	0	0	3	1	2	3	2	3	3	0	4	0	3	0	0	0
ASV_812	0	0	7	3	2	0	0	0	0	0	1	1	1	5	0	0	3	0
ASV_879	1	0	1	2	0	7	3	0	0	1	3	2	0	1	0	1	0	1
ASV_951	2	1	0	2	8	2	1	0	1	0	1	0	0	2	0	1	0	2
ASV_976	0	0	0	3	0	16	1	0	0	0	1	1	0	0	1	0	0	1
ASV_980	2	0	2	1	0	1	1	1	0	3	0	11	1	0	0	0	0	3
ASV_990	1	1	0	0	0	2	3	1	1	1	0	2	2	2	1	3	0	2
ASV_1001	3	1	0	0	0	3	3	3	0	1	1	2	1	0	2	4	0	1
ASV_1003	0	2	1	5	0	0	0	1	1	0	1	2	2	1	8	0	0	0
ASV_1029	2	0	0	0	0	0	1	2	0	1	8	6	2	0	2	1	0	0
ASV_1048	1	0	5	0	0	3	2	0	1	0	2	4	0	1	1	1	1	0
ASV_1052	2	4	0	0	8	1	1	0	0	1	1	1	0	0	0	1	0	1
ASV_1060	4	4	1	1	5	3	0	0	0	1	1	0	0	0	0	0	0	1
ASV_1074	0	0	1	0	1	0	3	1	1	0	6	1	0	0	2	0	4	1
ASV_1098	2	2	0	1	0	1	0	2	1	0	1	2	4	2	2	0	2	3
ASV_1100	1	1	1	0	1	1	1	1	0	3	2	1	1	1	0	0	3	2
ASV_1132	2	0	2	0	1	1	5	0	0	0	2	1	2	0	1	2	0	3
ASV_1179	0	1	2	2	1	0	3	2	1	0	1	1	2	0	0	0	3	1
ASV_1195	0	0	3	1	2	4	2	2	2	0	2	0	1	2	0	1	1	1
ASV_1196	1	1	1	2	1	1	3	1	0	0	3	0	0	1	1	3	3	1
ASV_1219	4	1	0	0	1	0	0	1	0	0	0	1	4	3	3	0	3	3
ASV_1228	2	3	0	0	0	3	3	1	3	1	1	0	0	0	0	3	2	2
ASV_1236	0	1	1	2	5	2	4	2	1	1	0	3	1	0	0	1	1	1
ASV_1279	2	1	0	1	1	1	2	1	5	0	0	2	0	3	1	4	0	0
ASV_1383	0	11	0	0	0	0	0	0	0	0	0	0	0	0	0	0	0	8
ASV_1394	1	0	1	0	1	0	1	4	1	2	3	2	1	4	0	0	2	0
ASV_1416	1	0	0	0	1	4	1	3	2	3	0	1	0	2	4	0	1	2
ASV_1448	0	4	3	0	1	2	0	2	2	2	1	3	0	0	1	0	1	2
ASV_1453	6	0	0	0	12	0	0	0	1	1	0	0	3	0	0	0	1	0
ASV_1455	2	1	1	0	1	0	1	2	1	0	1	0	1	2	0	7	1	2
ASV_1510	2	2	1	0	1	2	1	1	1	0	0	2	4	1	3	1	2	1
ASV_866	1	0	0	1	1	1	4	2	1	2	2	4	0	1	2	1	0	0
ASV_885	1	1	2	1	0	3	1	1	0	2	3	0	2	1	2	0	1	4
ASV_934	0	0	0	0	2	0	3	4	1	0	3	1	1	1	2	0	1	1
ASV_977	0	0	1	0	2	0	0	6	2	0	2	1	1	2	1	0	3	1
ASV_982	3	5	0	1	0	4	0	0	0	0	0	1	0	0	3	1	0	1
ASV_994	3	2	0	1	0	1	4	2	0	1	2	3	0	1	3	0	1	1
ASV_998	1	4	0	0	4	3	0	2	0	0	0	0	3	3	0	0	2	1
ASV_1006	0	1	3	0	0	1	1	0	2	1	1	1	1	0	2	2	0	5
ASV_1010	0	0	0	2	3	2	0	1	3	2	2	1	2	1	0	2	1	0
ASV_1080	1	0	0	0	0	0	3	3	4	3	0	1	1	2	1	4	2	0
ASV_1114	0	0	0	1	5	1	0	2	0	0	1	7	2	0	0	2	0	1
ASV_1238	1	3	0	0	1	1	2	3	3	0	0	1	2	2	1	1	0	1
ASV_1292	1	1	1	2	0	0	3	4	0	0	1	0	1	2	2	1	1	1
ASV_1300	3	1	4	0	0	0	2	0	2	1	0	5	1	0	1	0	0	2
ASV_1324	1	0	6	0	1	0	1	0	0	3	4	2	0	1	0	3	0	0
ASV_1367	9	2	1	0	2	0	1	1	3	0	0	1	0	0	0	1	1	0
ASV_1391	0	2	2	0	1	4	2	1	2	0	3	0	0	2	2	2	0	1
ASV_1477	1	1	0	2	1	2	1	2	1	1	4	1	1	1	1	1	1	2
ASV_1484	0	4	1	3	0	0	0	4	0	0	1	1	1	0	1	2	1	4
ASV_850	1	0	0	4	0	2	0	2	0	0	4	0	1	1	2	0	1	1
ASV_865	0	0	3	1	0	0	0	1	1	10	0	0	4	1	1	0	1	0
ASV_870	0	0	1	0	0	14	1	0	3	0	0	2	1	0	0	0	1	0
ASV_891	3	2	1	1	2	0	1	1	2	6	0	0	1	0	0	0	3	0
ASV_914	1	2	0	0	0	0	3	3	3	3	0	1	0	0	2	0	2	3
ASV_964	0	2	1	0	0	0	3	2	0	0	0	2	3	1	1	0	2	0
ASV_967	0	2	0	5	0	2	0	0	0	1	4	0	2	3	1	0	1	1
ASV_983	1	1	1	2	0	2	1	3	1	3	2	1	0	0	1	0	1	1
ASV_993	1	2	1	1	0	2	0	0	4	1	0	5	0	0	1	3	0	2
ASV_1000	1	0	2	0	0	2	1	1	3	1	2	0	0	0	1	1	3	3
ASV_1031	1	0	0	0	0	0	7	1	0	1	1	1	2	0	0	1	1	3
ASV_1033	1	2	1	0	5	0	1	2	3	0	2	2	1	0	2	0	0	1
ASV_1047	2	0	0	1	0	0	4	0	1	2	0	1	3	3	3	3	0	1
ASV_1071	0	0	0	1	1	6	1	3	0	2	1	1	1	1	1	0	0	0
ASV_1077	0	0	0	0	0	2	0	0	9	0	2	0	1	0	5	3	0	1
ASV_1082	0	0	0	0	1	0	2	2	2	0	6	4	1	0	2	0	1	1
ASV_1088	4	0	1	2	0	2	1	0	1	4	0	3	0	1	3	1	0	0
ASV_1122	0	2	0	0	0	2	3	0	1	0	3	2	1	1	2	1	2	1
ASV_1123	0	0	0	0	0	0	2	1	5	0	1	6	0	1	0	3	2	0
ASV_1130	0	1	0	4	0	0	0	2	2	1	3	1	1	1	0	1	3	0
ASV_1140	0	1	3	5	3	1	0	0	1	0	1	0	0	0	2	1	2	1
ASV_1143	3	0	0	0	1	0	3	0	0	3	1	1	0	2	1	1	0	4
ASV_1159	1	1	0	0	0	0	2	2	3	2	0	0	2	1	1	4	1	1
ASV_1167	3	0	0	0	0	0	1	3	8	2	1	1	0	0	1	0	2	1
ASV_1169	2	2	0	3	2	0	1	4	0	1	0	1	1	2	0	2	0	1
ASV_1175	2	2	2	2	0	2	0	1	1	1	0	4	0	0	1	2	1	0
ASV_1201	0	0	18	0	0	0	0	0	0	0	0	0	0	0	0	0	0	0
ASV_1220	2	2	0	2	0	4	1	1	0	6	0	0	0	0	1	0	0	3
ASV_1283	1	0	1	0	3	0	1	3	0	3	3	0	1	1	4	0	0	1
ASV_1308	0	5	1	1	1	0	1	1	1	0	3	4	0	2	0	0	0	0
ASV_1343	0	1	1	0	1	0	3	1	2	1	3	3	2	1	0	0	0	3
ASV_1398	0	0	2	1	0	1	1	1	1	1	0	7	0	0	0	1	1	1
ASV_1462	0	1	3	1	0	3	1	1	3	1	1	4	0	0	2	0	0	1
ASV_1468	0	3	1	0	0	0	2	0	0	2	0	2	4	1	2	1	4	0
ASV_894	1	1	3	0	2	0	3	1	0	1	1	1	1	0	0	1	2	2
ASV_903	0	1	0	2	1	1	2	0	1	1	2	3	2	0	0	1	1	2
ASV_924	1	0	1	0	0	4	0	1	0	1	1	4	1	0	0	3	4	1
ASV_961	0	0	1	2	0	3	0	2	0	2	1	2	1	0	1	2	2	2
ASV_995	2	0	0	1	0	0	0	3	1	3	2	0	1	0	1	0	0	2
ASV_1022	0	0	0	0	0	0	21	0	0	0	0	0	0	0	0	0	0	0
ASV_1054	0	3	0	1	1	1	0	2	1	1	2	4	3	0	1	0	2	1
ASV_1055	0	1	2	6	2	0	3	0	0	1	1	1	1	1	2	1	0	0
ASV_1119	1	1	0	2	1	0	1	2	3	1	1	2	0	0	0	0	1	2
ASV_1170	1	3	1	1	0	2	0	2	2	0	1	2	2	0	0	3	0	0
ASV_1172	1	0	0	2	0	0	2	1	0	0	3	0	3	0	1	3	0	0
ASV_1178	0	1	1	1	1	2	1	2	0	0	2	3	3	3	0	0	0	1
ASV_1181	4	2	0	0	0	0	1	1	0	1	1	2	0	0	4	2	0	2
ASV_1216	1	1	3	1	0	0	0	4	2	0	1	0	4	0	3	0	0	1
ASV_1225	1	2	0	0	1	1	2	1	0	1	4	0	1	2	1	0	0	1
ASV_1227	1	4	0	1	0	2	2	1	2	0	2	1	1	0	1	3	0	1
ASV_1248	0	0	0	3	1	6	4	1	0	0	1	1	1	0	3	0	0	0
ASV_1312	2	4	2	2	0	1	4	1	2	0	1	1	1	0	1	0	1	0
ASV_1335	0	0	1	0	4	3	0	4	1	0	3	2	0	1	0	1	0	0
ASV_1405	0	1	1	0	0	0	2	0	0	0	0	1	0	4	1	2	2	5
ASV_1413	1	1	0	0	1	1	4	2	1	0	1	3	1	1	3	0	0	1
ASV_1433	1	0	3	0	1	3	0	0	0	1	1	2	3	3	0	0	1	0
ASV_849	2	1	2	2	3	2	0	1	0	1	0	0	0	0	1	0	2	2
ASV_909	2	1	1	0	3	2	2	0	0	0	0	1	0	2	0	0	0	3
ASV_970	0	0	0	0	0	0	3	1	0	2	2	2	4	0	2	0	0	1
ASV_1007	0	1	0	5	0	0	1	3	1	0	1	1	3	0	0	1	0	4
ASV_1037	0	0	0	0	1	0	0	1	0	0	1	0	1	0	0	12	1	2
ASV_1041	2	1	0	0	2	1	2	2	1	1	1	1	0	0	0	1	0	5
ASV_1095	9	1	0	0	0	0	0	3	0	0	2	1	1	0	0	1	1	0
ASV_1102	1	5	0	0	0	1	2	1	0	1	0	0	0	4	0	0	4	0
ASV_1106	1	1	0	1	0	1	0	1	0	0	1	3	1	2	1	2	0	5
ASV_1120	0	1	3	1	0	0	1	1	2	0	2	1	1	0	2	0	1	1
ASV_1136	0	0	2	0	0	0	2	2	2	0	1	1	1	0	4	0	2	3
ASV_1139	0	0	0	11	0	0	0	4	0	0	0	0	0	0	1	0	1	0
ASV_1156	1	0	1	0	0	0	1	0	0	2	2	5	2	1	1	1	2	1
ASV_1164	1	1	3	0	1	2	1	2	0	2	0	1	0	0	1	1	1	0
ASV_1189	1	1	0	0	0	0	2	0	1	2	0	0	1	0	3	2	4	2
ASV_1206	1	1	0	0	0	0	0	3	3	1	3	0	1	3	1	1	1	2
ASV_1222	3	0	1	0	0	0	4	2	0	2	1	4	0	1	0	1	1	1
ASV_1255	0	0	2	1	1	1	7	1	1	0	0	1	0	2	1	1	2	0
ASV_1257	0	0	6	0	1	3	1	0	0	0	0	0	0	4	0	2	2	1
ASV_1261	0	0	0	1	0	0	0	3	2	3	0	0	1	1	4	1	2	1
ASV_1272	3	1	1	0	2	1	3	2	1	1	1	1	0	1	1	1	0	0
ASV_1290	2	0	0	1	0	0	1	0	1	1	0	2	2	5	2	1	1	0
ASV_1333	2	0	1	0	1	0	3	0	0	0	0	0	0	2	0	0	6	2
ASV_1414	0	1	0	1	1	0	3	2	0	2	0	0	1	3	1	2	2	0
ASV_1472	0	2	1	0	1	1	1	0	2	0	0	2	1	0	2	0	2	3
ASV_1518	0	0	0	0	0	2	2	2	4	0	1	0	2	1	0	1	2	1
ASV_1521	1	0	1	0	0	1	4	2	1	0	3	2	0	0	1	1	0	0
ASV_1032	2	0	1	1	0	0	1	2	0	3	1	2	0	1	3	1	1	1
ASV_1042	5	1	0	0	1	1	0	0	2	0	0	1	4	0	1	0	0	1
ASV_1051	0	2	2	0	0	1	1	1	1	3	0	2	2	1	0	1	0	2
ASV_1090	1	4	0	1	0	0	1	0	0	3	3	0	2	0	2	0	0	1
ASV_1107	0	0	2	2	1	0	0	1	0	3	1	1	1	3	1	1	0	2
ASV_1138	1	0	0	2	0	0	0	2	2	3	3	2	1	0	0	2	0	1
ASV_1173	1	0	0	0	1	2	3	1	2	0	1	2	0	1	0	6	0	0
ASV_1197	0	0	2	0	1	1	1	2	0	1	1	0	4	1	2	1	1	1
ASV_1202	0	0	1	0	0	0	0	0	0	0	0	2	0	0	17	0	0	0
ASV_1212	2	0	0	0	0	0	0	0	4	2	0	4	1	0	0	1	0	6
ASV_1221	1	0	11	0	0	0	1	1	0	0	0	2	0	0	0	0	0	0
ASV_1288	3	4	0	0	1	0	2	1	2	1	0	0	2	2	1	0	0	1
ASV_1304	1	1	0	0	0	2	2	2	0	1	1	0	2	2	1	1	0	1
ASV_1338	0	0	1	0	0	4	2	2	0	0	1	2	3	0	0	2	1	1
ASV_1364	1	1	1	0	1	1	0	2	1	2	1	0	2	0	1	1	2	3
ASV_1379	1	3	2	2	1	0	3	1	0	0	0	4	2	0	0	0	0	1
ASV_1386	1	2	2	2	2	2	0	1	0	0	1	1	1	1	0	1	1	0
ASV_1011	0	0	5	0	0	1	1	1	1	0	0	2	0	0	0	2	1	2
ASV_1061	0	0	1	1	6	0	0	0	1	1	0	1	2	3	1	0	0	0
ASV_1112	5	0	1	0	0	0	0	1	0	0	1	0	1	1	1	8	0	0
ASV_1121	0	6	0	0	0	0	0	0	0	0	0	1	0	1	1	10	0	0
ASV_1141	0	1	0	1	0	2	1	0	1	0	0	3	0	0	4	1	2	1
ASV_1166	3	2	1	0	0	0	4	1	1	1	1	1	0	0	1	1	3	0
ASV_1171	2	0	1	0	4	2	0	0	1	1	0	0	0	1	0	7	0	0
ASV_1176	1	0	0	0	0	3	2	1	0	1	0	3	1	2	1	2	0	2
ASV_1192	0	5	0	0	2	0	1	2	0	1	1	1	1	0	3	0	1	0
ASV_1208	2	2	0	0	1	1	0	1	0	0	1	3	2	3	1	0	0	1
ASV_1247	0	1	0	0	0	0	3	1	7	0	0	2	0	0	1	2	1	0
ASV_1250	1	1	0	0	1	1	1	1	3	0	0	0	2	2	0	1	1	1
ASV_1260	0	0	2	1	1	1	0	1	0	2	1	0	0	1	1	2	3	3
ASV_1296	2	1	2	0	1	1	2	1	1	0	4	1	1	0	1	0	0	0
ASV_1320	0	2	0	0	1	0	2	0	0	1	0	2	2	1	0	2	0	3
ASV_1334	0	0	1	1	1	0	0	1	0	0	3	1	1	4	2	2	0	0
ASV_1382	0	2	0	3	0	1	3	0	0	2	2	0	0	0	0	2	0	2
ASV_1415	0	0	0	2	1	1	1	1	0	2	1	0	1	3	1	0	0	2
ASV_1454	1	1	1	2	3	0	0	0	0	0	0	0	1	1	0	4	1	1
ASV_1461	1	1	0	0	2	0	1	1	2	1	2	2	0	1	1	1	0	1
ASV_1485	0	1	3	0	2	0	0	0	4	1	1	0	2	2	0	1	0	2
ASV_1496	1	0	3	2	1	0	3	0	0	1	0	1	1	1	0	1	2	0
ASV_950	3	0	1	1	0	0	0	0	1	1	0	3	4	0	1	2	0	1
ASV_1075	1	0	0	0	0	1	0	2	2	0	2	5	0	0	1	1	0	1
ASV_1146	0	0	0	1	0	0	2	4	0	2	1	1	1	0	0	2	1	0
ASV_1230	0	0	0	1	1	1	0	3	1	1	1	1	0	2	0	0	2	1
ASV_1239	0	3	0	0	0	1	1	2	2	0	0	2	0	1	1	0	0	3
ASV_1268	0	0	0	0	0	0	1	1	6	0	1	1	7	0	0	1	0	0
ASV_1317	0	0	1	1	0	0	0	0	1	0	0	9	1	1	1	0	0	0
ASV_1319	0	2	0	0	0	4	1	0	0	0	2	0	1	0	0	0	3	3
ASV_1331	0	2	0	2	1	1	1	0	4	0	1	0	0	2	0	1	0	2
ASV_1339	0	0	0	0	1	3	1	2	2	2	2	1	0	1	1	0	2	0
ASV_1362	4	1	0	0	0	0	0	0	0	0	0	1	4	2	0	1	2	1
ASV_1420	0	0	0	0	0	0	2	2	0	4	5	0	0	0	2	0	0	0
ASV_1513	0	1	0	0	1	0	2	1	1	1	0	1	2	1	0	1	3	0
ASV_989	1	0	2	0	2	0	0	0	1	2	2	0	0	0	0	5	1	0
ASV_996	2	0	2	0	0	0	1	1	3	0	0	0	1	1	1	1	1	3
ASV_1133	0	0	3	4	0	1	0	0	1	0	1	1	1	1	0	0	1	0
ASV_1148	1	0	0	0	1	0	6	0	1	0	0	2	0	0	3	2	0	1
ASV_1193	0	1	0	0	0	1	3	1	1	2	0	2	1	1	1	1	1	1
ASV_1204	0	0	0	0	0	1	2	0	0	2	1	2	0	3	2	0	2	1
ASV_1243	0	1	1	4	0	1	1	0	0	1	0	2	1	0	2	0	1	1
ASV_1256	0	1	1	2	0	0	1	0	0	0	1	0	0	1	2	0	1	1
ASV_1277	1	1	0	0	0	7	3	1	0	0	1	0	0	0	2	0	0	0
ASV_1293	2	0	0	2	0	1	1	0	0	0	1	1	1	0	2	4	0	1
ASV_1344	0	0	0	0	0	0	2	2	4	3	2	1	0	2	0	1	0	0
ASV_1378	1	1	0	1	0	0	2	1	1	0	1	4	2	1	2	1	0	0
ASV_1381	1	2	0	0	1	0	0	1	0	1	0	0	2	0	1	3	3	3
ASV_1392	0	1	1	0	1	2	0	1	1	1	3	1	0	0	2	1	0	0
ASV_1393	0	2	1	1	4	2	0	2	0	0	0	1	0	0	0	1	0	0
ASV_1442	1	2	0	0	0	0	1	0	3	1	2	0	1	1	0	0	1	1
ASV_1469	1	3	0	3	0	0	0	1	2	2	1	2	0	1	0	0	0	0
ASV_1475	1	1	0	0	0	1	1	3	1	1	1	1	2	1	1	1	0	0
ASV_1529	0	0	0	1	0	0	1	0	0	14	0	0	0	0	0	0	0	0
ASV_1044	1	0	3	1	0	0	1	0	0	0	5	1	1	0	2	0	1	0
ASV_1124	1	1	0	0	0	1	0	2	2	1	2	1	0	1	0	1	0	1
ASV_1215	1	1	0	0	1	0	1	1	1	0	1	1	0	1	2	1	2	1
ASV_1229	0	2	0	1	0	1	4	0	2	1	2	1	0	0	0	0	0	0
ASV_1270	0	0	0	0	0	0	0	0	0	1	2	0	6	2	1	3	2	0
ASV_1291	3	2	0	0	0	0	1	10	0	0	0	0	1	0	0	0	0	0
ASV_1295	4	1	0	1	0	1	0	1	0	1	0	1	0	0	1	1	1	3
ASV_1316	0	3	0	1	0	0	2	0	0	0	0	0	0	0	0	5	1	1
ASV_1327	1	0	1	5	2	2	0	0	0	1	0	0	0	0	0	0	0	3
ASV_1377	0	1	0	1	1	1	0	1	0	1	3	1	2	1	2	0	1	0
ASV_1388	0	1	0	0	2	0	1	1	0	1	0	3	1	0	2	3	0	1
ASV_1401	0	0	1	1	1	0	0	3	1	1	3	0	1	0	1	1	0	1
ASV_1430	1	1	0	0	0	1	1	0	0	0	1	0	0	1	2	2	0	3
ASV_1445	1	2	0	1	0	0	1	0	2	0	0	2	2	0	2	1	1	0
ASV_1460	0	1	0	1	0	0	1	2	2	1	0	4	1	0	2	0	1	0
ASV_1483	0	1	2	0	0	1	0	0	0	1	1	1	3	1	0	0	3	1
ASV_1492	0	1	3	0	0	0	0	2	1	1	1	2	0	1	1	0	1	1
ASV_1498	0	0	1	2	0	3	0	1	0	1	0	1	0	2	2	1	1	1
ASV_1507	0	0	0	2	1	3	1	0	0	0	0	0	0	0	2	3	1	1
ASV_1511	0	0	0	0	1	0	1	1	0	0	6	2	0	0	0	3	0	0
ASV_1154	1	1	0	0	0	0	0	2	0	2	0	1	3	0	1	1	2	0
ASV_1165	2	3	0	0	0	0	0	1	1	1	0	1	1	1	0	0	1	1
ASV_1187	0	1	0	2	0	0	1	2	0	2	0	1	2	0	1	1	0	0
ASV_1237	0	1	0	0	0	1	8	1	0	1	1	0	3	0	0	0	0	0
ASV_1282	2	1	2	1	0	1	1	0	0	2	0	0	1	0	2	1	0	1
ASV_1287	1	0	1	3	4	0	1	1	0	0	0	0	1	0	0	0	0	0
ASV_1318	1	1	0	2	0	0	4	0	3	0	0	0	2	1	0	0	0	0
ASV_1332	0	0	0	1	0	2	0	0	0	1	1	0	0	1	1	3	2	2
ASV_1342	0	0	0	0	0	0	1	1	1	2	2	1	2	0	0	0	0	1
ASV_1373	1	0	0	1	0	2	1	4	1	2	0	0	0	0	1	0	0	1
ASV_1390	0	1	1	0	0	0	1	1	1	4	1	0	0	3	1	0	1	0
ASV_1395	0	0	2	3	0	0	0	0	0	0	0	1	0	0	6	0	0	0
ASV_1400	0	0	1	1	0	0	1	1	0	1	1	0	3	0	2	1	1	0
ASV_1417	0	3	0	0	1	3	1	2	0	1	2	0	0	0	0	1	0	1
ASV_1427	2	1	2	0	0	1	2	2	0	1	0	1	3	0	1	0	0	0
ASV_1480	1	3	0	0	0	0	3	0	0	0	0	2	0	0	2	0	0	1
ASV_1488	0	1	0	1	0	0	2	0	2	2	0	1	1	0	1	2	2	0
ASV_1203	0	0	0	1	0	5	1	0	0	0	0	0	1	0	1	2	1	1
ASV_1210	1	0	0	1	1	0	2	0	0	0	0	2	2	0	1	0	0	0
ASV_1278	1	0	1	0	0	1	0	1	1	1	2	1	0	1	1	1	1	0
ASV_1307	0	1	0	0	0	0	0	1	3	0	0	4	2	0	0	1	0	0
ASV_1314	1	1	1	0	0	0	0	0	0	0	0	0	1	7	0	0	0	0
ASV_1368	1	0	0	1	0	1	1	1	0	0	1	1	1	2	1	2	1	0
ASV_1370	2	0	0	0	0	1	2	0	3	1	0	0	0	1	0	1	2	0
ASV_1404	0	0	3	1	0	0	2	1	1	2	0	0	0	3	0	0	1	0
ASV_1424	1	0	0	0	0	0	0	0	2	4	0	0	1	0	1	2	1	1
ASV_1439	1	3	0	0	0	0	2	1	0	0	1	1	0	1	1	0	1	2
ASV_1443	1	1	0	1	0	0	0	1	0	0	1	0	1	2	1	2	0	2
ASV_1447	1	0	0	1	0	0	0	2	0	1	1	0	0	0	2	3	1	3
ASV_1463	0	2	0	2	0	0	0	3	1	1	2	1	0	1	1	0	0	1
ASV_1466	0	0	0	0	1	0	2	2	1	1	0	1	2	1	0	0	1	0
ASV_1490	0	0	4	0	2	0	0	0	0	0	0	1	0	0	0	3	2	0
ASV_1497	0	0	2	3	0	1	3	0	0	0	0	0	0	1	1	1	1	1
ASV_1266	0	0	0	0	0	0	1	0	2	3	0	1	0	3	0	0	2	0
ASV_1267	0	0	0	0	0	0	0	1	1	0	1	0	3	0	2	2	2	0
ASV_1274	1	1	0	0	2	0	0	0	1	1	2	1	0	0	1	0	0	2
ASV_1321	0	0	1	1	1	0	4	0	0	0	1	0	0	0	2	0	0	2
ASV_1336	0	0	0	0	1	0	2	0	1	0	2	1	0	2	1	0	0	2
ASV_1346	1	0	0	0	0	0	0	1	3	0	2	2	2	0	0	0	0	0
ASV_1366	5	2	0	0	0	0	2	0	0	0	1	2	1	0	0	0	0	1
ASV_1421	0	0	0	0	0	0	5	1	0	1	1	1	1	1	2	0	0	0
ASV_1422	0	0	0	0	0	0	2	1	0	1	1	0	1	0	1	0	1	1
ASV_1440	2	0	0	0	0	1	1	0	0	1	2	0	0	1	0	1	3	2
ASV_1508	0	0	0	1	0	1	0	0	1	0	4	1	1	1	0	2	0	1
ASV_1512	0	0	1	0	1	0	0	0	1	1	1	1	2	0	2	1	0	0
ASV_1523	0	0	0	0	0	0	1	0	0	0	1	2	1	1	0	0	0	5
ASV_1525	0	0	0	1	0	0	0	1	1	1	1	2	0	1	1	2	2	0
ASV_1262	0	0	0	1	0	1	0	0	0	0	2	0	1	2	0	1	2	0
ASV_1349	1	0	0	0	0	1	0	1	2	1	2	0	1	2	0	1	1	0
ASV_1354	1	1	0	0	0	1	2	0	0	0	2	0	0	0	2	0	2	0
ASV_1399	0	0	0	0	1	0	0	1	0	0	2	0	3	1	0	0	1	0
ASV_1449	2	1	1	0	0	0	1	0	1	0	0	1	1	0	0	0	0	1
ASV_1474	0	1	0	0	0	1	3	3	0	0	1	0	0	0	0	0	2	2
ASV_1514	0	0	0	0	1	0	0	1	0	0	2	1	2	1	2	1	0	1
ASV_1522	0	1	0	0	0	0	2	0	1	1	1	4	1	1	0	0	0	0
ASV_1436	1	1	0	2	3	0	0	1	0	0	0	0	0	3	0	0	0	0
ASV_1486	0	1	0	0	0	0	0	1	2	0	0	0	0	0	1	4	1	0
ASV_1499	0	0	1	0	0	0	0	2	1	1	0	2	2	1	0	0	0	1
ASV_1501	0	0	2	0	2	1	3	0	2	0	0	0	1	0	0	0	0	0
ASV_1504	0	0	1	1	1	0	0	0	0	0	2	0	0	3	0	0	1	2
ASV_1519	0	0	0	0	0	0	0	0	0	0	0	2	3	1	1	4	0	0
ASV_1426	0	0	0	0	0	1	1	0	2	1	1	1	0	0	0	1	0	1
ASV_1478	0	1	0	2	0	0	1	0	2	0	0	0	0	2	0	1	0	1
ASV_1505	0	0	0	2	0	1	0	2	0	1	1	0	1	0	0	1	2	0
ASV_1431	1	0	1	0	0	2	0	0	1	0	0	0	0	0	1	2	0	0
ASV_1481	0	1	0	1	1	1	1	2	1	0	0	0	0	1	0	0	0	0
