OTUID	All	KO	OE	WT
ASV_2	4.157186	5.993627	2.840008	3.637922
ASV_3	2.815491	2.443700	2.541840	3.460932
ASV_4	2.268451	2.419417	1.669449	2.716488
ASV_8	1.900013	1.288442	2.386258	2.025340
ASV_6	1.776755	2.741275	1.121285	1.467707
ASV_7	1.712258	1.573493	1.691415	1.871865
ASV_18	1.598161	1.478126	1.512931	1.803426
ASV_9	1.465458	1.337605	1.535148	1.523620
ASV_10	1.27249	1.8117819	0.8683785	1.1373096
ASV_11	1.144918	1.079858	1.109918	1.244979
ASV_14	1.120092	0.9227938	1.1827963	1.2546850
ASV_12	1.080546	1.0719381	0.9138998	1.2557998
ASV_15	1.050797	1.1125530	1.0803067	0.9595324
ASV_13	1.029494	0.7001743	1.3763818	1.0119250
ASV_16	0.997988	0.7727531	0.9635121	1.2577002
ASV_17	0.926616	1.2742896	0.6083535	0.8972053
ASV_28	0.844423	0.7620408	0.7274914	1.0437360
ASV_20	0.751489	0.6434782	0.3838798	1.2271076
ASV_30	0.692147	0.5024472	0.7664907	0.8075040
ASV_23	0.654689	0.7175774	0.5883995	0.6580892
ASV_21	0.645331	0.5114454	0.6305557	0.7939913
ASV_1276	0.63016	0.7040675	0.6438575	0.5425556
ASV_29	0.626512	0.5675549	0.7038624	0.6081180
ASV_22	0.59145	0.9288985	0.3667753	0.4786757
ASV_113	0.586256	0.9416370	0.3859548	0.4311760
ASV_26	0.606803	0.4677541	0.6397155	0.7129381
ASV_24	0.578818	0.7748268	0.3124237	0.6492046
ASV_31	0.554326	0.6341769	0.4284526	0.6003490
ASV_27	0.562161	0.5260983	0.5929190	0.5674649
ASV_34	0.532091	0.4495465	0.5993977	0.5473289
ASV_33	0.521899	0.5272293	0.5453567	0.4931108
ASV_35	0.518371	0.3491560	0.4718825	0.7340733
ASV_36	0.50441	0.5342073	0.4080711	0.5709506
ASV_41	0.491108	0.7010359	0.3662421	0.4060473
ASV_37	0.494591	0.3173230	0.5332522	0.6331969
ASV_173	0.484838	0.4687603	0.4220300	0.5637249
ASV_38	0.478349	0.7741715	0.2664956	0.3943803
ASV_40	0.497906	0.2672124	1.0837542	0.1427524
ASV_42	0.447842	0.3947511	0.3375706	0.6112037
ASV_39	0.442397	0.4977323	0.3596935	0.4697641
ASV_70	0.431845	0.5731300	0.3620236	0.3603802
ASV_47	0.426811	0.4990023	0.3627936	0.4186361
ASV_68	0.408207	0.5460316	0.3138285	0.3647623
ASV_45	0.399305	0.6190810	0.2305592	0.3482745
ASV_44	0.405132	0.4499688	0.3112253	0.4542029
ASV_54	0.388579	0.5662431	0.1899097	0.4095837
ASV_52	0.396666	0.3151965	0.4130111	0.4617898
ASV_46	0.397491	0.3643779	0.5203688	0.3077250
ASV_43	0.385701	0.1033799	0.3822189	0.6715051
ASV_48	0.384656	0.2832575	0.4542507	0.4164606
ASV_51	0.37494	0.3504698	0.3033823	0.4709684
ASV_50	0.370536	0.3745495	0.3689301	0.3681298
ASV_53	0.361868	0.2996968	0.3575982	0.4283092
ASV_49	0.354147	0.490507	0.438389	0.133546
ASV_55	0.348831	0.4644866	0.3573397	0.2246655
ASV_58	0.3143	0.4057612	0.2749472	0.2621913
ASV_62	0.313092	0.3266780	0.3207675	0.2918300
ASV_67	0.302394	0.4187312	0.2221547	0.2662952
ASV_56	0.301127	0.1890209	0.2773328	0.4370285
ASV_63	0.311945	0.1184458	0.6926296	0.1247603
ASV_61	0.295399	0.1775106	0.4339851	0.2747025
ASV_59	0.280234	0.3885353	0.1920854	0.2600819
ASV_60	0.281554	0.2546928	0.2601103	0.3298588
ASV_76	0.283327	0.2207118	0.3033850	0.3258844
ASV_66	0.271178	0.3387392	0.1885465	0.2862495
ASV_73	0.261148	0.2031275	0.2185803	0.3617371
ASV_456	0.257584	0.1980949	0.2118500	0.3628086
ASV_69	0.254929	0.2708774	0.2575694	0.2363413
ASV_82	0.248007	0.3414814	0.2054049	0.1971345
ASV_72	0.24239	0.4167918	0.1260432	0.1843354
ASV_93	0.250754	0.1508692	0.4007049	0.2006881
ASV_71	0.245586	0.3439235	0.2000484	0.1927851
ASV_74	0.24003	0.2458077	0.2549933	0.2192889
ASV_77	0.233321	0.1987833	0.1808580	0.3203230
ASV_75	0.229391	0.2862881	0.2024513	0.1994321
ASV_83	0.227331	0.2919543	0.1930949	0.1969445
ASV_84	0.224573	0.1945126	0.2101909	0.2690148
ASV_81	0.225536	0.1993579	0.2992362	0.1780134
ASV_79	0.216486	0.2790589	0.1309542	0.2394452
ASV_78	0.218704	0.1907324	0.1853262	0.2800525
ASV_80	0.214965	0.2137758	0.1760866	0.2550333
ASV_88	0.216842	0.3442882	0.1821936	0.1240448
ASV_86	0.212353	0.1362612	0.1933615	0.3074348
ASV_89	0.2071	0.1572624	0.2321642	0.2318722
ASV_97	0.197462	0.2029622	0.1666359	0.2227879
ASV_90	0.195289	0.2717592	0.1425873	0.1715203
ASV_92	0.201396	0.23221701	0.30474415	0.06722808
ASV_855	0.198356	0.1276619	0.3151701	0.1522373
ASV_91	0.193221	0.1792383	0.1747082	0.2257160
ASV_94	0.189365	0.1218451	0.1493838	0.2968653
ASV_100	0.195666	0.1398312	0.2689178	0.1782491
ASV_106	0.185027	0.1843722	0.1380790	0.2326309
ASV_109	0.186248	0.2235653	0.1634141	0.1717661
ASV_118	0.185977	0.2037138	0.1552033	0.1990149
ASV_410	0.184859	0.1923142	0.1823588	0.1799048
ASV_95	0.181941	0.2587069	0.1502252	0.1368899
ASV_98	0.181169	0.2266602	0.1961869	0.1206601
ASV_112	0.184283	0.09343208	0.30088344	0.15853397
ASV_110	0.179788	0.1619845	0.2036671	0.1737134
ASV_102	0.173695	0.2315494	0.1136035	0.1759333
ASV_96	0.172741	0.2242349	0.1413041	0.1526850
ASV_101	0.176116	0.1728546	0.2181320	0.1373604
ASV_288	0.174808	0.1951187	0.1965934	0.1327127
ASV_108	0.169774	0.2129367	0.1456143	0.1507697
ASV_111	0.175123	0.05344536	0.24543474	0.22648877
ASV_99	0.168935	0.2025237	0.1575621	0.1467186
ASV_105	0.168346	0.1319093	0.1618870	0.2112419
ASV_186	0.170441	0.1531981	0.1757326	0.1823920
ASV_736	0.16632	0.1923640	0.1311879	0.1754079
ASV_282	0.169965	0.1466852	0.2106281	0.1525802
ASV_103	0.159127	0.2431256	0.1137979	0.1204588
ASV_415	0.166783	0.1287100	0.2063143	0.1653255
ASV_129	0.165457	0.1305254	0.1947477	0.1710971
ASV_119	0.163666	0.1312330	0.1788212	0.1809445
ASV_115	0.162971	0.1089123	0.1880710	0.1919300
ASV_107	0.155704	0.2073105	0.1123781	0.1474232
ASV_125	0.157257	0.1084505	0.1834259	0.1798940
ASV_114	0.160487	0.16210360	0.28495971	0.03439667
ASV_126	0.153405	0.1599067	0.1685370	0.1317702
ASV_577	0.154188	0.1505422	0.1750808	0.1369420
ASV_116	0.147727	0.2089949	0.1048939	0.1292930
ASV_152	0.147158	0.1282971	0.1250355	0.1881426
ASV_124	0.143314	0.1837268	0.1012209	0.1449947
ASV_128	0.143864	0.1713997	0.1312768	0.1289153
ASV_121	0.143606	0.1396990	0.1630248	0.1280928
ASV_179	0.134652	0.24824716	0.07707629	0.07863291
ASV_843	0.139006	0.1624197	0.1132534	0.1413450
ASV_153	0.135352	0.1513800	0.1221724	0.1325038
ASV_134	0.134096	0.1412068	0.1180786	0.1430015
ASV_120	0.136247	0.1036316	0.1891984	0.1159102
ASV_127	0.131473	0.1327298	0.1167574	0.1449326
ASV_130	0.133917	0.1031250	0.1418236	0.1568038
ASV_132	0.130512	0.1507218	0.1144914	0.1263218
ASV_123	0.129961	0.15651204	0.08575304	0.14761911
ASV_1396	0.12956	0.1051896	0.1576473	0.1258421
ASV_139	0.125829	0.1157866	0.1237879	0.1379130
ASV_142	0.126901	0.1237189	0.1401547	0.1168286
ASV_140	0.123174	0.15087425	0.09541148	0.12323494
ASV_925	0.122802	0.17889364	0.10520857	0.08430415
ASV_161	0.122659	0.15081423	0.13815068	0.07901061
ASV_143	0.122798	0.09605811	0.13545112	0.13688337
ASV_141	0.118309	0.1396078	0.1059260	0.1093921
ASV_266	0.12264	0.10699440	0.19351803	0.06740793
ASV_146	0.119394	0.07204279	0.09821410	0.18792538
ASV_148	0.115102	0.1143847	0.0724253	0.1584971
ASV_347	0.116243	0.15821491	0.11893281	0.07158254
ASV_144	0.118809	0.06653828	0.13812299	0.15176568
ASV_168	0.109298	0.284439714	0.039214473	0.004239947
ASV_172	0.117038	0.12873426	0.13741918	0.08496024
ASV_283	0.114238	0.16021681	0.09328220	0.08921637
ASV_149	0.115808	0.10973865	0.08595376	0.15173130
ASV_147	0.11145	0.19667721	0.05060066	0.08707198
ASV_160	0.114936	0.08668786	0.14489078	0.11322937
ASV_136	0.111836	0.10650707	0.09645092	0.13254874
ASV_154	0.113514	0.01847967	0.08024746	0.24181466
ASV_156	0.117331	0.06468035	0.25263570	0.03467643
ASV_162	0.115226	0.08398940	0.16235437	0.09933396
ASV_155	0.112075	0.1071771	0.1231196	0.1059292
ASV_150	0.112088	0.1001150	0.1212347	0.1149143
ASV_151	0.113475	0.03871033	0.16785651	0.13385679
ASV_157	0.109788	0.13680631	0.08448687	0.10807016
ASV_164	0.106537	0.17539038	0.07679989	0.06741974
ASV_165	0.110367	0.08877303	0.13430013	0.10802817
ASV_166	0.111231	0.12006057	0.11987966	0.09375288
ASV_969	0.106199	0.18372529	0.07599465	0.05887814
ASV_188	0.106697	0.14821757	0.06907539	0.10279824
ASV_159	0.106966	0.1091211	0.1024159	0.1093620
ASV_170	0.1041	0.14156433	0.09058571	0.08014946
ASV_167	0.106379	0.07971646	0.11386454	0.12555533
ASV_183	0.104013	0.13040509	0.09052178	0.09111153
ASV_174	0.1063	0.0694337	0.1315274	0.1179393
ASV_192	0.100858	0.12122248	0.05716181	0.12418870
ASV_474	0.103986	0.08706875	0.13633479	0.08855328
ASV_605	0.105392	0.08777966	0.14675824	0.08163855
ASV_965	0.104522	0.08113818	0.12230151	0.11012487
ASV_158	0.103122	0.06885348	0.11002939	0.13048298
ASV_213	0.101165	0.14063278	0.08681246	0.07604883
ASV_169	0.102547	0.10705945	0.08893559	0.11164500
ASV_251	0.10117	0.09936186	0.09227077	0.11187704
ASV_535	0.101555	0.1016389	0.0927457	0.1102813
ASV_668	0.101256	0.07594635	0.11030690	0.11751511
ASV_236	0.100945	0.09087768	0.11688705	0.09507115
ASV_1153	0.099189	0.10325476	0.09401586	0.10029497
ASV_180	0.09683	0.20119919	0.03489912	0.05439117
ASV_185	0.10009	0.0571435	0.1018946	0.1412306
ASV_171	0.099321	0.11032696	0.11051047	0.07712692
ASV_176	0.095655	0.13005235	0.07941418	0.07749724
ASV_225	0.097868	0.07208503	0.10184535	0.11967246
ASV_187	0.097556	0.07477221	0.12202255	0.09587297
ASV_163	0.099149	0.01731071	0.21089620	0.06923986
ASV_200	0.09435	0.08483899	0.11460567	0.08360478
ASV_202	0.092665	0.08753119	0.08606421	0.10439855
ASV_181	0.091579	0.10600660	0.07991926	0.08881106
ASV_322	0.091274	0.07654654	0.10417669	0.09309738
ASV_246	0.092383	0.08257669	0.13744763	0.05712455
ASV_216	0.087431	0.08356496	0.06410937	0.11461829
ASV_218	0.087288	0.09408966	0.08697770	0.08079689
ASV_175	0.089045	0.08698409	0.11613855	0.06401256
ASV_190	0.086934	0.14516297	0.05564412	0.05999455
ASV_193	0.088889	0.04217739	0.10597403	0.11851569
ASV_195	0.088247	0.05879216	0.11251453	0.09343415
ASV_197	0.085075	0.14302244	0.06159655	0.05060701
ASV_201	0.082427	0.10154340	0.07564703	0.07009049
ASV_204	0.085997	0.03591771	0.17748087	0.04459326
ASV_211	0.081425	0.13501214	0.04332378	0.06594013
ASV_184	0.085357	0.07150148	0.15324477	0.03132526
ASV_189	0.080697	0.13932843	0.03683098	0.06593295
ASV_206	0.082665	0.08510724	0.08353890	0.07934881
ASV_208	0.081516	0.10073827	0.07399201	0.06981842
ASV_215	0.081235	0.05035769	0.03668931	0.15665757
ASV_210	0.082966	0.08332035	0.10507927	0.06049777
ASV_191	0.082516	0.02752571	0.10971766	0.11030362
ASV_234	0.079422	0.08969520	0.06906091	0.07951045
ASV_220	0.080875	0.07477065	0.07862541	0.08922960
ASV_207	0.080024	0.10566180	0.07838084	0.05602877
ASV_209	0.079546	0.09922263	0.06629526	0.07312097
ASV_212	0.081662	0.08102479	0.10332362	0.06063803
ASV_224	0.07991	0.08204084	0.06598859	0.09170180
ASV_718	0.080483	0.06799496	0.11785558	0.05559791
ASV_249	0.080793	0.02909160	0.15863002	0.05465661
ASV_253	0.077553	0.07096906	0.09129753	0.07039215
ASV_247	0.078353	0.10086446	0.08253245	0.05166320
ASV_214	0.076737	0.04255073	0.06829975	0.11936103
ASV_268	0.076104	0.07538336	0.07720138	0.07572597
ASV_303	0.076189	0.04449735	0.10548373	0.07858656
ASV_359	0.076706	0.09227803	0.08331771	0.05452314
ASV_240	0.075172	0.07913283	0.07080875	0.07557430
ASV_261	0.077396	0.04735590	0.11846107	0.06637003
ASV_1127	0.076313	0.06576214	0.10042170	0.06275615
ASV_232	0.076635	0.01596836	0.11538381	0.09855180
ASV_285	0.074367	0.10508447	0.07242920	0.04558873
ASV_313	0.076663	0.06152897	0.10388511	0.06457614
ASV_198	0.074501	0.06964639	0.06315729	0.09069829
ASV_217	0.07477	0.02770007	0.08931568	0.10729380
ASV_250	0.074863	0.05657464	0.09891888	0.06909537
ASV_199	0.072095	0.07479458	0.05028961	0.09120174
ASV_219	0.072558	0.08863062	0.06617347	0.06287108
ASV_229	0.073132	0.07870731	0.06614245	0.07454686
ASV_272	0.073556	0.05560328	0.06745144	0.09761217
ASV_270	0.073956	0.06069354	0.09793265	0.06324072
ASV_331	0.071286	0.09860229	0.05524077	0.06001353
ASV_221	0.07152	0.11468268	0.02487945	0.07499815
ASV_223	0.072564	0.05311420	0.08442292	0.08015588
ASV_239	0.069941	0.10732310	0.05113147	0.05136777
ASV_252	0.075542	0.04348041	0.16279147	0.02035472
ASV_344	0.073619	0.06799632	0.10094442	0.05191578
ASV_1311	0.070297	0.09626282	0.06295042	0.05167718
ASV_241	0.071653	0.07179872	0.07960755	0.06355237
ASV_280	0.07151	0.05619737	0.08627587	0.07205563
ASV_369	0.070377	0.06650618	0.07208984	0.07253529
ASV_237	0.068595	0.11790277	0.03214872	0.05573463
ASV_271	0.072014	0.04132752	0.11142152	0.06329212
ASV_406	0.069655	0.06939405	0.06483825	0.07473179
ASV_242	0.069602	0.04996996	0.05849389	0.10034118
ASV_248	0.069967	0.05525943	0.08487932	0.06976314
ASV_245	0.069059	0.03737457	0.06808840	0.10171429
ASV_260	0.0688	0.08826604	0.08074384	0.03738936
ASV_255	0.067377	0.07766958	0.05283060	0.07163016
ASV_469	0.069554	0.04792192	0.07980781	0.08093264
ASV_227	0.067737	0.08779172	0.05624713	0.05917186
ASV_265	0.067183	0.07566427	0.06146646	0.06441861
ASV_273	0.065601	0.10257808	0.03955880	0.05466674
ASV_243	0.067856	0.05121747	0.07770808	0.07464274
ASV_256	0.068287	0.06671720	0.07083934	0.06730297
ASV_263	0.068578	0.04896341	0.08045952	0.07631165
ASV_257	0.066674	0.07507270	0.05859086	0.06635993
ASV_277	0.066913	0.06991983	0.06938650	0.06143194
ASV_310	0.065494	0.09132981	0.05377194	0.05138125
ASV_1027	0.066572	0.06714290	0.07622649	0.05634782
ASV_317	0.065948	0.06453902	0.06792686	0.06537910
ASV_262	0.065888	0.04052197	0.10048436	0.05665818
ASV_318	0.065893	0.04150492	0.08164861	0.07452623
ASV_319	0.066	0.03731081	0.07899869	0.08169166
ASV_345	0.066995	0.05567595	0.11384709	0.03146100
ASV_486	0.065335	0.05682118	0.08303048	0.05615225
ASV_744	0.065198	0.06682372	0.05701704	0.07175213
ASV_258	0.062918	0.08316517	0.04597666	0.05961292
ASV_278	0.064196	0.04634558	0.06606438	0.08017891
ASV_315	0.063142	0.09908499	0.05143272	0.03890762
ASV_233	0.065346	0.06667096	0.09140136	0.03796541
ASV_286	0.064404	0.04830894	0.08008891	0.06481488
ASV_360	0.062405	0.06540507	0.05470075	0.06710869
ASV_254	0.062389	0.07479083	0.05397496	0.05840006
ASV_259	0.06257	0.04963732	0.05892590	0.07914638
ASV_274	0.061351	0.08365612	0.04449881	0.05589901
ASV_298	0.062903	0.05180656	0.07679749	0.06010393
ASV_893	0.062431	0.07363864	0.06338782	0.05026757
ASV_244	0.062713	0.03555169	0.07686750	0.07571967
ASV_279	0.059874	0.10878373	0.03048893	0.04034970
ASV_723	0.062443	0.07451917	0.06339551	0.04941388
ASV_293	0.059649	0.06946174	0.03231882	0.07716494
ASV_300	0.060413	0.06043351	0.07302689	0.04777870
ASV_327	0.061511	0.03503818	0.08950612	0.05998884
ASV_357	0.059217	0.10024222	0.04006078	0.03734746
ASV_228	0.060231	0.04343335	0.07806640	0.05919184
ASV_287	0.060516	0.04746208	0.06958931	0.06449527
ASV_302	0.061276	0.03504005	0.09575663	0.05303230
ASV_572	0.059553	0.05273563	0.06000530	0.06591819
ASV_264	0.058168	0.04024325	0.04462541	0.08963513
ASV_301	0.058566	0.06089688	0.06450347	0.05029781
ASV_374	0.05871	0.07082535	0.04494738	0.06035685
ASV_459	0.059345	0.04445998	0.06028248	0.07329235
ASV_491	0.059574	0.05460292	0.07684535	0.04727261
ASV_284	0.057354	0.06613718	0.04289909	0.06302484
ASV_419	0.059217	0.06477084	0.07137952	0.04150112
ASV_496	0.059146	0.06381277	0.06669361	0.04693016
ASV_290	0.058269	0.04968821	0.05009192	0.07502645
ASV_306	0.058248	0.06610376	0.05004317	0.05859579
ASV_520	0.058872	0.04006857	0.08898570	0.04756290
ASV_276	0.057204	0.06844305	0.04441882	0.05874909
ASV_336	0.056598	0.07018098	0.04941769	0.05019411
ASV_362	0.057839	0.04007880	0.06028798	0.07315129
ASV_267	0.058274	0.04141220	0.07409192	0.05931853
ASV_275	0.057198	0.05059149	0.06806921	0.05293255
ASV_312	0.057033	0.04569137	0.06124668	0.06416066
ASV_329	0.056433	0.06027789	0.04908071	0.05994102
ASV_346	0.057201	0.06419288	0.05719167	0.05021740
ASV_930	0.055614	0.08144007	0.03512904	0.05027426
ASV_332	0.055386	0.07984303	0.04147370	0.04484230
ASV_350	0.055588	0.07854674	0.03539764	0.05281917
ASV_592	0.057427	0.03273551	0.08801049	0.05153526
ASV_299	0.057002	0.03692234	0.08236463	0.05171809
ASV_269	0.056319	0.04665147	0.07801899	0.04428657
ASV_307	0.054647	0.05832398	0.04629055	0.05932707
ASV_499	0.056161	0.03870057	0.04383091	0.08595247
ASV_311	0.05338	0.07219806	0.04638750	0.04155472
ASV_433	0.054715	0.05205768	0.04483266	0.06725390
ASV_328	0.053813	0.08183320	0.04490208	0.03470430
ASV_378	0.055507	0.03430695	0.08614727	0.04606544
ASV_384	0.054736	0.04677293	0.07856657	0.03886814
ASV_396	0.054018	0.06368422	0.04639363	0.05197716
ASV_867	0.05531	0.02343127	0.08632032	0.05617856
ASV_292	0.054476	0.04510359	0.06364565	0.05467911
ASV_355	0.052762	0.04044569	0.05196437	0.06587674
ASV_364	0.05387	0.04053073	0.07389201	0.04718685
ASV_289	0.052601	0.05243888	0.04334161	0.06202268
ASV_323	0.053663	0.03033281	0.08863572	0.04201992
ASV_330	0.052728	0.06166007	0.04162080	0.05490179
ASV_405	0.052744	0.06095470	0.05850859	0.03876891
ASV_305	0.051206	0.07707000	0.04056348	0.03598530
ASV_341	0.053118	0.03251735	0.06656035	0.06027658
ASV_583	0.052609	0.05309675	0.06308855	0.04164209
ASV_610	0.051919	0.03717677	0.03830280	0.08027761
ASV_797	0.052644	0.08406503	0.03825700	0.03561001
ASV_295	0.051963	0.05449801	0.05114311	0.05024813
ASV_296	0.051168	0.05758465	0.04278237	0.05313661
ASV_365	0.052548	0.02496992	0.07525407	0.05741997
ASV_854	0.051835	0.04326088	0.04927350	0.06296983
ASV_1275	0.051613	0.02801588	0.05238205	0.07444072
ASV_321	0.05115	0.03652197	0.05538745	0.06154191
ASV_352	0.05165	0.04960264	0.04633447	0.05901201
ASV_377	0.052125	0.04226457	0.06540227	0.04870766
ASV_733	0.053096	0.03421237	0.08909085	0.03598619
ASV_294	0.050767	0.05949522	0.05364045	0.03916632
ASV_625	0.050575	0.05788008	0.05080537	0.04303939
ASV_356	0.048986	0.05567649	0.04663751	0.04464263
ASV_424	0.0511	0.04681771	0.06335873	0.04312310
ASV_361	0.049961	0.05041042	0.06620094	0.03327283
ASV_453	0.049731	0.04525963	0.04648665	0.05744597
ASV_304	0.05047	0.01582736	0.08833367	0.04725016
ASV_316	0.047973	0.07280160	0.02452807	0.04658913
ASV_340	0.048451	0.06116870	0.03854742	0.04563799
ASV_342	0.050419	0.02416538	0.07255282	0.05453913
ASV_398	0.050214	0.03459064	0.07706821	0.03898276
ASV_334	0.047744	0.06081083	0.02750088	0.05492171
ASV_913	0.048319	0.06311766	0.04009018	0.04174806
ASV_333	0.048256	0.03079881	0.03230505	0.08166380
ASV_400	0.04923	0.05418370	0.04726989	0.04623589
ASV_601	0.046979	0.09002012	0.03230390	0.01861217
ASV_383	0.046594	0.06276127	0.03999036	0.03702936
ASV_549	0.048054	0.03947503	0.05137102	0.05331568
ASV_1458	0.049126	0.03177701	0.08705477	0.02854492
ASV_297	0.048767	0.01153792	0.07993475	0.05482890
ASV_349	0.047476	0.03441994	0.05635828	0.05164970
ASV_556	0.046597	0.06876953	0.04356002	0.02746262
ASV_370	0.046369	0.03584802	0.04381833	0.05943950
ASV_371	0.047051	0.04868607	0.04661776	0.04585011
ASV_629	0.047646	0.03661590	0.05875385	0.04756867
ASV_641	0.046185	0.06408426	0.03571166	0.03875970
ASV_339	0.045808	0.02685427	0.02849633	0.08207310
ASV_422	0.046409	0.05113508	0.05059782	0.03749380
ASV_732	0.046178	0.04797380	0.04911045	0.04144920
ASV_309	0.044276	0.06289690	0.02606856	0.04386137
ASV_324	0.045684	0.02969083	0.04138863	0.06597230
ASV_337	0.045713	0.05153145	0.03819953	0.04740888
ASV_354	0.044433	0.07649488	0.01393947	0.04286375
ASV_380	0.046969	0.02613436	0.07729183	0.03748036
ASV_417	0.045871	0.05855725	0.04436868	0.03468601
ASV_548	0.04502	0.06430536	0.01841586	0.05234007
ASV_567	0.045064	0.04138251	0.03344009	0.06036907
ASV_848	0.046014	0.04594957	0.04194250	0.05015096
ASV_343	0.046479	0.03417945	0.06795061	0.03730785
ASV_368	0.04588	0.04177678	0.05845644	0.03740620
ASV_427	0.04551	0.05955597	0.05107711	0.02589748
ASV_684	0.045758	0.03963683	0.05144555	0.04619027
ASV_1081	0.046796	0.01581334	0.08097087	0.04360529
ASV_338	0.044499	0.04116010	0.04629062	0.04604774
ASV_367	0.045119	0.04740208	0.05234841	0.03560724
ASV_428	0.044575	0.03503952	0.04117151	0.05751364
ASV_390	0.045305	0.02113235	0.08737176	0.02741085
ASV_463	0.044851	0.03122423	0.06162795	0.04170134
ASV_1281	0.044489	0.03410887	0.06053099	0.03882685
ASV_348	0.043558	0.06483782	0.02304415	0.04279152
ASV_409	0.043049	0.05804792	0.03415416	0.03694588
ASV_571	0.043938	0.05154154	0.03996905	0.04030366
ASV_411	0.044272	0.03693025	0.05549729	0.04038983
ASV_445	0.041498	0.07293381	0.02311059	0.02844922
ASV_461	0.044284	0.04747932	0.06816704	0.01720650
ASV_504	0.043226	0.04140809	0.04146635	0.04680408
ASV_892	0.043699	0.05036153	0.04492024	0.03581479
ASV_335	0.043159	0.03007190	0.04921244	0.05019402
ASV_382	0.044074	0.05051658	0.05445621	0.02724912
ASV_436	0.044184	0.02559250	0.06787950	0.03907911
ASV_1234	0.042652	0.04718026	0.04377632	0.03700042
ASV_379	0.043401	0.04153798	0.05847624	0.03018836
ASV_392	0.042626	0.05014886	0.04594849	0.03178138
ASV_403	0.041484	0.06045223	0.03554981	0.02845066
ASV_480	0.042715	0.03587589	0.04325789	0.04901037
ASV_714	0.044045	0.01825467	0.07217288	0.04170817
ASV_388	0.042304	0.04292844	0.05117374	0.03281042
ASV_529	0.042152	0.03674280	0.04928720	0.04042453
ASV_530	0.042832	0.02390903	0.05606131	0.04852673
ASV_920	0.043231	0.02279968	0.06652260	0.04036944
ASV_381	0.042695	0.01138247	0.06662902	0.05007273
ASV_425	0.041418	0.04786560	0.04603315	0.03035413
ASV_444	0.041541	0.03903378	0.03241158	0.05317856
ASV_489	0.042381	0.03709299	0.05690097	0.03314891
ASV_586	0.042541	0.02328970	0.05681097	0.04752190
ASV_351	0.040233	0.06183827	0.03286856	0.02599076
ASV_391	0.041594	0.02860754	0.04321504	0.05295982
ASV_395	0.039945	0.04769495	0.04207101	0.03006995
ASV_402	0.041397	0.03215676	0.04364321	0.04839045
ASV_404	0.040477	0.04879344	0.03373622	0.03890187
ASV_434	0.041554	0.02607771	0.05420125	0.04438207
ASV_363	0.04082	0.02484528	0.03861773	0.05899686
ASV_366	0.040543	0.03065460	0.04628870	0.04468539
ASV_389	0.041275	0.01664113	0.05679862	0.05038383
ASV_394	0.04079	0.02174077	0.03702829	0.06359979
ASV_1160	0.040806	0.02903243	0.05710099	0.03628434
ASV_439	0.04097	0.04066924	0.04377245	0.03846757
ASV_440	0.041445	0.07111116	0.04188971	0.01133461
ASV_534	0.041354	0.05899706	0.04774578	0.01731833
ASV_386	0.039853	0.03140550	0.04922265	0.03892959
ASV_393	0.040687	0.02514867	0.06224551	0.03466687
ASV_527	0.04015	0.02663501	0.05213900	0.04167495
ASV_746	0.040398	0.01561687	0.06106641	0.04451192
ASV_414	0.039032	0.03098007	0.04588097	0.04023481
ASV_429	0.037185	0.073841942	0.009258768	0.028452887
ASV_450	0.039463	0.04518219	0.03851480	0.03469331
ASV_1150	0.038978	0.03582750	0.05102027	0.03008633
ASV_372	0.038512	0.04297464	0.03086526	0.04169617
ASV_399	0.038755	0.03300036	0.03406333	0.04920175
ASV_401	0.038084	0.03427313	0.02737368	0.05260375
ASV_454	0.038917	0.04054220	0.03736980	0.03883918
ASV_538	0.038666	0.03523289	0.04509067	0.03567469
ASV_1125	0.039086	0.04593975	0.05435090	0.01696756
ASV_1493	0.039051	0.02530496	0.06441907	0.02743004
ASV_373	0.039333	0.009043848	0.074548827	0.034405643
ASV_376	0.038662	0.03642859	0.03760423	0.04195409
ASV_431	0.036135	0.07068652	0.02357019	0.01414916
ASV_476	0.038051	0.04094858	0.03288873	0.04031571
ASV_484	0.039362	0.02130111	0.06360469	0.03318055
ASV_509	0.038192	0.03265660	0.03898995	0.04293094
ASV_702	0.038969	0.02911846	0.05759611	0.03019386
ASV_585	0.038315	0.03633898	0.04538457	0.03322168
ASV_1017	0.037903	0.02790293	0.05852712	0.02727869
ASV_1068	0.037551	0.04011941	0.04659598	0.02593802
ASV_397	0.037207	0.02277235	0.04444030	0.04440842
ASV_416	0.037154	0.03792899	0.04173518	0.03179806
ASV_421	0.037904	0.03752881	0.04901352	0.02717089
ASV_465	0.036824	0.03934317	0.03239883	0.03872999
ASV_467	0.036776	0.03762426	0.03381302	0.03888988
ASV_495	0.037602	0.02796182	0.04486909	0.03997528
ASV_532	0.03911	0.01097299	0.09491194	0.01144459
ASV_554	0.037245	0.03027633	0.04150468	0.03995252
ASV_563	0.03742	0.03953940	0.03276682	0.03995355
ASV_711	0.037465	0.04374657	0.04148608	0.02716379
ASV_962	0.037276	0.03754486	0.03955236	0.03473083
ASV_426	0.037763	0.04557707	0.04056025	0.02715258
ASV_432	0.03683	0.03387319	0.03360862	0.04300709
ASV_506	0.037271	0.01540002	0.04782252	0.04859166
ASV_630	0.035867	0.04586493	0.03203553	0.02970175
ASV_737	0.037342	0.03616663	0.05271878	0.02314134
ASV_842	0.036631	0.03475448	0.02626840	0.04887083
ASV_1309	0.036892	0.01399721	0.04644987	0.05022968
ASV_1459	0.035959	0.04438053	0.02450141	0.03899460
ASV_1520	0.036154	0.03250022	0.04158334	0.03437791
ASV_505	0.036066	0.03453484	0.04787262	0.02578928
ASV_858	0.035315	0.03389577	0.02912625	0.04292393
ASV_407	0.035629	0.03693944	0.03833886	0.03160950
ASV_418	0.035932	0.02527739	0.05383361	0.02868591
ASV_423	0.03548	0.03578652	0.04917233	0.02148254
ASV_464	0.035246	0.02860100	0.03833346	0.03880431
ASV_717	0.035253	0.02516894	0.02917639	0.05141447
ASV_743	0.034517	0.05171691	0.02600593	0.02582962
ASV_483	0.03492	0.03467718	0.04004093	0.03004211
ASV_608	0.035945	0.01686996	0.06672671	0.02423693
ASV_413	0.033418	0.03890422	0.02134309	0.04000606
ASV_430	0.034416	0.007120081	0.031193739	0.064934656
ASV_561	0.035015	0.02838562	0.04806529	0.02859298
ASV_607	0.033396	0.06714422	0.01256557	0.02047919
ASV_612	0.035269	0.007382883	0.055514794	0.042908473
ASV_435	0.034299	0.03106081	0.03569439	0.03614295
ASV_442	0.034173	0.01816301	0.04296849	0.04138691
ASV_542	0.033759	0.03826932	0.03389810	0.02910964
ASV_632	0.033975	0.02010544	0.02441190	0.05740675
ASV_683	0.033765	0.03123479	0.04144076	0.02862038
ASV_826	0.034508	0.03438118	0.03746521	0.03167834
ASV_940	0.034209	0.009413272	0.045851344	0.047361522
ASV_1046	0.032867	0.04413052	0.02465016	0.02981922
ASV_462	0.033497	0.03083856	0.02930430	0.04034953
ASV_498	0.033216	0.03267978	0.03825545	0.02871388
ASV_537	0.033856	0.03282306	0.03682976	0.03191539
ASV_781	0.03383	0.03034697	0.04508811	0.02605578
ASV_974	0.034664	0.01011725	0.06624890	0.02762478
ASV_1409	0.032513	0.03823858	0.02481038	0.03449085
ASV_468	0.03414	0.02708450	0.05254638	0.02278922
ASV_497	0.031614	0.04462911	0.02745012	0.02276409
ASV_518	0.033403	0.02380703	0.05610536	0.02029710
ASV_536	0.03337	0.01689129	0.03416827	0.04905013
ASV_553	0.03368	0.01286506	0.04770220	0.04047257
ASV_742	0.032894	0.02752320	0.03851929	0.03263827
ASV_1259	0.033034	0.01815676	0.05225242	0.02869347
ASV_446	0.0324	0.046747576	0.040501799	0.009950943
ASV_458	0.032323	0.02459887	0.03367737	0.03869210
ASV_477	0.032776	0.02144775	0.03531413	0.04156700
ASV_591	0.032622	0.02972305	0.03083976	0.03730214
ASV_871	0.032928	0.01315758	0.03234291	0.05328291
ASV_420	0.032751	0.02461457	0.04632548	0.02731229
ASV_441	0.031758	0.02841359	0.03249695	0.03436389
ASV_449	0.031049	0.04549643	0.02190202	0.02574753
ASV_460	0.030911	0.03829817	0.02442053	0.03001504
ASV_507	0.031975	0.03363016	0.03236934	0.02992634
ASV_584	0.031704	0.04575003	0.02642351	0.02293971
ASV_590	0.031574	0.03079075	0.03508587	0.02884481
ASV_603	0.032429	0.03081863	0.02780373	0.03866483
ASV_1149	0.032326	0.01762587	0.04801536	0.03133711
ASV_443	0.031568	0.03658197	0.02934396	0.02877829
ASV_528	0.031514	0.05870314	0.02295937	0.01287996
ASV_547	0.030636	0.04852302	0.02767974	0.01570574
ASV_580	0.032157	0.03008254	0.04636575	0.02002349
ASV_604	0.031257	0.03054249	0.02755371	0.03567590
ASV_1450	0.031073	0.03627689	0.03685142	0.02009199
ASV_451	0.031883	0.01829822	0.05579179	0.02155957
ASV_473	0.031715	0.03290895	0.04654481	0.01569231
ASV_494	0.031262	0.02355569	0.04286590	0.02736346
ASV_500	0.030963	0.02769079	0.03397294	0.03122522
ASV_511	0.030894	0.04246651	0.03417875	0.01603675
ASV_569	0.031994	0.00879744	0.05390665	0.03327775
ASV_750	0.031504	0.01018755	0.04586400	0.03846111
ASV_956	0.030671	0.03682457	0.02612258	0.02906626
ASV_999	0.031584	0.01974873	0.04199491	0.03300818
ASV_1151	0.030736	0.03828635	0.03244415	0.02147826
ASV_447	0.030761	0.02134693	0.03518695	0.03574797
ASV_455	0.030234	0.02878332	0.02315989	0.03875872
ASV_466	0.02959	0.04403776	0.01065922	0.03407280
ASV_482	0.03074	0.02568767	0.03037833	0.03615275
ASV_502	0.030293	0.03102675	0.03238917	0.02746427
ASV_519	0.031299	0.01804688	0.06317628	0.01267441
ASV_550	0.032041	0.004339901	0.068816521	0.022965818
ASV_1002	0.030275	0.02211668	0.03715143	0.03155556
ASV_1162	0.029988	0.03913687	0.02317966	0.02764778
ASV_1246	0.030188	0.03338511	0.03550956	0.02167058
ASV_574	0.030475	0.02837538	0.04302119	0.02002982
ASV_588	0.029875	0.02244853	0.03420505	0.03297213
ASV_673	0.030145	0.02042483	0.03859544	0.03141534
ASV_731	0.028822	0.04245707	0.01984886	0.02416095
ASV_837	0.030314	0.02155176	0.03910322	0.03028616
ASV_917	0.030124	0.05277259	0.01885266	0.01874542
ASV_936	0.029593	0.03862042	0.02463832	0.02552022
ASV_1376	0.030323	0.02934254	0.03567970	0.02594686
ASV_1506	0.030174	0.01942506	0.04660974	0.02448769
ASV_515	0.029596	0.01948390	0.03232295	0.03698149
ASV_578	0.029479	0.02918910	0.03064849	0.02859811
ASV_594	0.029497	0.02651751	0.02771203	0.03426213
ASV_599	0.030522	0.009268242	0.073649724	0.008647772
ASV_620	0.029465	0.02481553	0.03055127	0.03302856
ASV_701	0.030148	0.02148290	0.04329085	0.02567117
ASV_800	0.029757	0.02568641	0.02771353	0.03587027
ASV_875	0.030074	0.02846145	0.03426325	0.02749825
ASV_1036	0.029117	0.02632133	0.03950731	0.02152245
ASV_1241	0.029446	0.03436516	0.03677784	0.01719387
ASV_1491	0.029862	0.01481832	0.05455056	0.02021746
ASV_524	0.029086	0.03082325	0.02783100	0.02860434
ASV_555	0.029187	0.02090112	0.03093605	0.03572355
ASV_562	0.02946	0.02272899	0.03538417	0.03026600
ASV_615	0.029582	0.02471345	0.03263766	0.03139418
ASV_638	0.03042	0.01136873	0.06546946	0.01442274
ASV_677	0.029737	0.01404236	0.04797123	0.02719781
ASV_681	0.029336	0.03224118	0.03862160	0.01714459
ASV_738	0.028972	0.02220271	0.03183502	0.03287696
ASV_481	0.028548	0.02856842	0.03101943	0.02605553
ASV_493	0.028925	0.01830475	0.03995331	0.02851727
ASV_508	0.028691	0.02200900	0.03367102	0.03039264
ASV_531	0.029008	0.01224728	0.04027178	0.03450635
ASV_919	0.028407	0.02605605	0.02759017	0.03157552
ASV_457	0.028289	0.004145845	0.043620114	0.037100643
ASV_487	0.027393	0.02510911	0.02140802	0.03566116
ASV_488	0.027707	0.03250712	0.02757166	0.02304196
ASV_490	0.027934	0.03018878	0.02480333	0.02880957
ASV_551	0.028174	0.02435533	0.03580953	0.02435756
ASV_568	0.029756	0.000000000	0.080572571	0.008696239
ASV_573	0.028067	0.02489952	0.02757101	0.03173146
ASV_587	0.027637	0.01319098	0.02873487	0.04098464
ASV_600	0.028284	0.02116206	0.02793236	0.03575873
ASV_649	0.028272	0.03252451	0.03384627	0.01844575
ASV_937	0.028324	0.01503147	0.03830181	0.03163766
ASV_1155	0.025549	0.061402368	0.012309767	0.002935753
ASV_1372	0.028323	0.01568760	0.04633854	0.02294154
ASV_611	0.027679	0.02241203	0.02438767	0.03623726
ASV_633	0.028479	0.02276756	0.04983243	0.01283643
ASV_642	0.027147	0.03422404	0.02006539	0.02715237
ASV_754	0.027446	0.02773867	0.01861442	0.03598513
ASV_868	0.028472	0.004057248	0.052638509	0.028720402
ASV_1004	0.027004	0.03250962	0.03123343	0.01726841
ASV_1016	0.027403	0.03016311	0.03901846	0.01302809
ASV_1273	0.027016	0.02340783	0.02470230	0.03293918
ASV_1375	0.027701	0.01987475	0.03726722	0.02596001
ASV_1429	0.027469	0.02828674	0.03255422	0.02156730
ASV_1456	0.027696	0.02883948	0.03267605	0.02157297
ASV_472	0.027474	0.02469898	0.04764336	0.01007928
ASV_675	0.027304	0.005786535	0.021681668	0.054443568
ASV_676	0.0274	0.01248875	0.03815959	0.03155056
ASV_784	0.026312	0.048369871	0.024864405	0.005702866
ASV_918	0.027104	0.02942281	0.02750705	0.02438119
ASV_558	0.026797	0.003101064	0.015332258	0.061958293
ASV_559	0.026896	0.02532549	0.03519934	0.02016407
ASV_595	0.027356	0.01161889	0.03594545	0.03450376
ASV_639	0.026619	0.02176724	0.03245923	0.02563111
ASV_652	0.026307	0.03434529	0.02016837	0.02440772
ASV_782	0.026885	0.01964365	0.03372150	0.02728967
ASV_1086	0.026826	0.01538548	0.04800923	0.01708348
ASV_1129	0.025905	0.02422283	0.02626744	0.02722326
ASV_501	0.026205	0.02306515	0.03252416	0.02302569
ASV_521	0.026305	0.01499935	0.02938845	0.03452828
ASV_546	0.026903	0.01095769	0.05083865	0.01891344
ASV_557	0.025561	0.03393519	0.01680433	0.02594297
ASV_626	0.02583	0.02929305	0.01823612	0.02996204
ASV_659	0.026878	0.02273397	0.03907764	0.01882178
ASV_706	0.026143	0.03039283	0.02651433	0.02152245
ASV_786	0.026935	0.010732568	0.065844185	0.004227927
ASV_525	0.025569	0.01883623	0.02463222	0.03323958
ASV_544	0.025268	0.04008472	0.02281412	0.01290649
ASV_552	0.025651	0.02042150	0.02932961	0.02720123
ASV_613	0.026478	0.01160970	0.04491381	0.02291121
ASV_712	0.02616	0.005656673	0.042348356	0.030475978
ASV_846	0.025846	0.01744977	0.02282665	0.03726175
ASV_884	0.026117	0.02428108	0.03535961	0.01871115
ASV_1128	0.025491	0.01805029	0.03242467	0.02599707
ASV_1242	0.025503	0.01343992	0.04153665	0.02153241
ASV_1254	0.024868	0.02159914	0.02438093	0.02862399
ASV_522	0.025874	0.01140194	0.04468583	0.02153411
ASV_540	0.02515	0.01929722	0.02465082	0.03150274
ASV_575	0.025166	0.02521771	0.02018659	0.03009513
ASV_598	0.026733	0.001291189	0.078908281	0.000000000
ASV_624	0.025728	0.01554775	0.03567432	0.02596311
ASV_643	0.025701	0.008910527	0.027855252	0.040337882
ASV_662	0.025742	0.01947279	0.02309650	0.03465621
ASV_664	0.02468	0.02971381	0.01993814	0.02438891
ASV_700	0.025051	0.02749435	0.02766119	0.01999806
ASV_720	0.025838	0.005743756	0.057372198	0.014398080
ASV_963	0.025323	0.02314862	0.03686844	0.01595182
ASV_972	0.025721	0.01804418	0.04325757	0.01586059
ASV_997	0.025424	0.02342419	0.03700379	0.01584264
ASV_1214	0.024791	0.02183071	0.03261141	0.01993059
ASV_1244	0.024892	0.01636767	0.03823087	0.02007726
ASV_1341	0.025001	0.008186278	0.046740124	0.020077487
ASV_475	0.025287	0.019858988	0.047444572	0.008557983
ASV_510	0.025183	0.007447078	0.034305390	0.033795788
ASV_541	0.025304	0.008423918	0.040048276	0.027440230
ASV_581	0.02506	0.02532544	0.03131525	0.01853966
ASV_617	0.025023	0.02625073	0.03877768	0.01004078
ASV_618	0.024697	0.02479465	0.03089980	0.01839661
ASV_708	0.024839	0.04272755	0.02161161	0.01017685
ASV_829	0.02522	0.01554400	0.03568161	0.02443340
ASV_1020	0.02402	0.02692355	0.02646794	0.01866733
ASV_1351	0.024674	0.02117589	0.03697268	0.01587257
ASV_539	0.024114	0.02229392	0.02131143	0.02873732
ASV_564	0.023739	0.02408255	0.02162479	0.02551063
ASV_667	0.024364	0.02330487	0.03130177	0.01848667
ASV_686	0.024516	0.02562382	0.02927907	0.01864496
ASV_690	0.024248	0.02509703	0.02464891	0.02299894
ASV_691	0.024016	0.02091747	0.01996309	0.03116811
ASV_725	0.023471	0.02898655	0.01692100	0.02450550
ASV_757	0.024274	0.01645281	0.02314770	0.03322150
ASV_851	0.023672	0.02141313	0.01528269	0.03432078
ASV_880	0.024197	0.02628816	0.02339712	0.02290652
ASV_1200	0.023723	0.02461549	0.03079464	0.01576031
ASV_1231	0.02365	0.02173516	0.02929218	0.01992126
ASV_1301	0.023816	0.02758560	0.02947321	0.01438888
ASV_1303	0.023852	0.01854197	0.01551933	0.03749406
ASV_1410	0.023479	0.01857718	0.02466901	0.02719147
ASV_1411	0.023794	0.02234125	0.02447169	0.02457024
ASV_1487	0.023688	0.005511468	0.010761511	0.054792172
ASV_1526	0.024676	0.004226814	0.046843792	0.022958479
ASV_576	0.022815	0.050558074	0.009265470	0.008621675
ASV_628	0.023355	0.02866224	0.01853771	0.02286450
ASV_678	0.024314	0.008239051	0.041555785	0.023146507
ASV_696	0.023879	0.01647632	0.02777591	0.02738621
ASV_716	0.024022	0.01262131	0.02631282	0.03313325
ASV_730	0.024034	0.03584539	0.02320469	0.01305149
ASV_763	0.023786	0.03334139	0.02642795	0.01158884
ASV_859	0.023245	0.02238773	0.02027903	0.02706676
ASV_971	0.024043	0.006533074	0.041440208	0.024156935
ASV_992	0.024237	0.02306660	0.02947254	0.02017265
ASV_1021	0.024657	0.000000000	0.072578727	0.001392602
ASV_1049	0.023248	0.02052005	0.02652483	0.02269772
ASV_1091	0.023166	0.03657034	0.02126690	0.01166135
ASV_1258	0.023	0.02616470	0.02282061	0.02001472
ASV_1322	0.023858	0.01371470	0.04336815	0.01449060
ASV_582	0.02369	0.01265182	0.03237348	0.02604376
ASV_589	0.02359	0.02271336	0.02501627	0.02304134
ASV_619	0.023394	0.02647185	0.02486379	0.01884764
ASV_666	0.02355	0.02721870	0.02755272	0.01587828
ASV_890	0.023525	0.01844561	0.03191180	0.02021620
ASV_904	0.02328	0.01738837	0.03387118	0.01857897
ASV_1083	0.023124	0.01107183	0.02946039	0.02883891
ASV_1134	0.021982	0.02809723	0.02184734	0.01600027
ASV_1191	0.023186	0.01254299	0.03687062	0.02014330
ASV_1286	0.022786	0.02496979	0.02330115	0.02008826
ASV_654	0.022745	0.01897710	0.02620474	0.02305214
ASV_658	0.022784	0.02917853	0.02630676	0.01286614
ASV_734	0.02092	0.049220624	0.009233469	0.004305339
ASV_768	0.023046	0.02360918	0.03252283	0.01300507
ASV_821	0.022845	0.02566845	0.01693353	0.02593212
ASV_840	0.021767	0.03413864	0.01537795	0.01578474
ASV_1019	0.022944	0.005696376	0.038808355	0.024327822
ASV_1142	0.022295	0.02083052	0.02296184	0.02309145
ASV_1315	0.022211	0.01790213	0.02157556	0.02715459
ASV_1403	0.022341	0.02169427	0.03239301	0.01293542
ASV_512	0.022797	0.01000269	0.03059661	0.02779135
ASV_533	0.02246	0.01491972	0.03099999	0.02145988
ASV_565	0.022172	0.01465932	0.02316241	0.02869528
ASV_616	0.021804	0.050722973	0.004635939	0.010053805
ASV_622	0.022833	0.004291009	0.032465259	0.031741283
ASV_623	0.022903	0.01011725	0.03395558	0.02463646
ASV_635	0.022338	0.02669225	0.02460568	0.01571595
ASV_636	0.022334	0.01471164	0.03360770	0.01868180
ASV_644	0.022403	0.01935488	0.02180511	0.02604842
ASV_687	0.022693	0.01454878	0.02349533	0.03003414
ASV_710	0.022524	0.01268285	0.02464316	0.03024625
ASV_905	0.022716	0.01287146	0.03543023	0.01984493
ASV_929	0.022864	0.01098829	0.03109416	0.02650877
ASV_991	0.02233	0.02047486	0.02796206	0.01855168
ASV_1078	0.022247	0.01367979	0.03997190	0.01308885
ASV_1245	0.022042	0.01237225	0.02786101	0.02589177
ASV_1495	0.0219	0.02028123	0.03239429	0.01302419
ASV_1516	0.021838	0.01499475	0.02769346	0.02282722
ASV_593	0.022479	0.01189088	0.02820860	0.02733855
ASV_602	0.021454	0.03366094	0.01085810	0.01984220
ASV_645	0.022033	0.01122968	0.03197059	0.02289732
ASV_660	0.021171	0.02985468	0.01225156	0.02140796
ASV_661	0.022566	0.02423747	0.02771840	0.01574324
ASV_688	0.022209	0.02437275	0.02938935	0.01286346
ASV_713	0.021628	0.02152201	0.02913744	0.01422452
ASV_769	0.021515	0.02617512	0.01840338	0.01996586
ASV_794	0.021553	0.02508717	0.01974534	0.01982648
ASV_899	0.022086	0.009592067	0.030692947	0.025971634
ASV_1249	0.022025	0.005734988	0.037182155	0.023157145
ASV_1467	0.021456	0.02135451	0.02290985	0.02010220
ASV_1470	0.021308	0.006955448	0.024367483	0.032600958
ASV_606	0.022113	0.006775602	0.035996285	0.023565907
ASV_647	0.021495	0.009612301	0.021844493	0.033028966
ASV_656	0.020816	0.01646180	0.02440750	0.02157995
ASV_693	0.021385	0.01205213	0.02611999	0.02598199
ASV_694	0.021919	0.01615739	0.03239204	0.01720690
ASV_695	0.019036	0.055521124	0.001586244	0.000000000
ASV_745	0.021347	0.02198692	0.01731821	0.02473684
ASV_753	0.021675	0.005261355	0.033806963	0.025955751
ASV_791	0.021375	0.02075979	0.02763018	0.01573404
ASV_801	0.020827	0.02984966	0.01684875	0.01578134
ASV_830	0.02142	0.019069040	0.007853175	0.037338325
ASV_864	0.021186	0.02184559	0.02158128	0.02013231
ASV_873	0.021614	0.01883714	0.02156756	0.02443724
ASV_895	0.021495	0.02093479	0.03071022	0.01284068
ASV_958	0.021629	0.009407199	0.035707179	0.019771882
ASV_985	0.021866	0.008836052	0.030813522	0.025949804
ASV_1109	0.020969	0.02139009	0.02292422	0.01859138
ASV_1330	0.021279	0.009555782	0.032566661	0.021713746
ASV_1365	0.021238	0.02266370	0.02820099	0.01284841
ASV_665	0.021271	0.02022999	0.02922883	0.01435465
ASV_715	0.020665	0.01608649	0.03315180	0.01275737
ASV_741	0.020377	0.03160082	0.01249550	0.01703618
ASV_771	0.021133	0.01424974	0.02910829	0.02004144
ASV_772	0.020516	0.03314520	0.01252752	0.01587400
ASV_815	0.021289	0.002841721	0.028026694	0.032999320
ASV_835	0.020458	0.02689290	0.02016357	0.01431717
ASV_878	0.021163	0.01297692	0.01713814	0.03337407
ASV_906	0.022138	0.001550532	0.064863833	0.000000000
ASV_910	0.020991	0.01849606	0.02318674	0.02129063
ASV_949	0.020789	0.02076376	0.01843568	0.02316744
ASV_986	0.021065	0.01416114	0.02316627	0.02586880
ASV_1099	0.020685	0.01976774	0.02641002	0.01587684
ASV_1465	0.020808	0.02059361	0.02618590	0.01564322
ASV_648	0.02075	0.01145160	0.03069295	0.02010661
ASV_650	0.020209	0.02495808	0.02005199	0.01561592
ASV_672	0.021376	0.005913361	0.052428894	0.005785946
ASV_778	0.019939	0.03589169	0.01096110	0.01296411
ASV_856	0.019112	0.042378592	0.007672869	0.007283496
ASV_863	0.020507	0.01635085	0.02928006	0.01588954
ASV_945	0.020362	0.030189968	0.025095277	0.005800428
ASV_1073	0.021157	0.008653838	0.050600650	0.004216312
ASV_1205	0.020462	0.001397741	0.036896208	0.023091743
ASV_1353	0.01956	0.02193456	0.01248276	0.02426227
ASV_1358	0.020156	0.01275467	0.02760869	0.02010335
ASV_1389	0.019969	0.01517380	0.02463132	0.02010090
ASV_1406	0.019976	0.01979986	0.02013544	0.01999194
ASV_1441	0.020114	0.01519568	0.03068593	0.01445920
ASV_1528	0.020297	0.01596225	0.02769346	0.01723441
ASV_657	0.019798	0.01328982	0.02894137	0.01716335
ASV_758	0.017685	0.045647819	0.003101809	0.004305339
ASV_767	0.019604	0.01874869	0.02282059	0.01724256
ASV_770	0.02024	0.01892848	0.02046926	0.02132259
ASV_825	0.019867	0.02667598	0.01862879	0.01429663
ASV_911	0.020024	0.01257246	0.02599150	0.02150928
ASV_1024	0.019499	0.004184456	0.018351224	0.035961435
ASV_1056	0.020165	0.006999408	0.042110991	0.011385535
ASV_1076	0.019736	0.005590965	0.026229378	0.027388154
ASV_1104	0.01963	0.01735042	0.01844206	0.02309639
ASV_1280	0.019848	0.002884079	0.027911524	0.028748429
ASV_1355	0.019849	0.01839183	0.02958192	0.01157397
ASV_1419	0.019499	0.01093169	0.02465016	0.02291646
ASV_1423	0.019988	0.00728552	0.03084803	0.02183145
ASV_609	0.019074	0.02052143	0.01537894	0.02132121
ASV_682	0.01947	0.01368527	0.02025216	0.02447125
ASV_685	0.019624	0.01812747	0.02490764	0.01583758
ASV_697	0.018209	0.05462576	0.00000000	0.00000000
ASV_707	0.019684	0.01512912	0.03091900	0.01300405
ASV_727	0.020549	0.004651595	0.056994661	0.000000000
ASV_729	0.019639	0.01275686	0.01095471	0.03520418
ASV_838	0.019926	0.005896546	0.036623725	0.017258028
ASV_839	0.019736	0.01549511	0.02641035	0.01730346
ASV_901	0.019451	0.007071189	0.018401351	0.032879828
ASV_916	0.019447	0.01142332	0.01394652	0.03297206
ASV_1145	0.019703	0.008417384	0.040361083	0.010330269
ASV_1213	0.019278	0.006098229	0.023057823	0.028677480
ASV_1224	0.019129	0.01599542	0.02004654	0.02134580
ASV_1271	0.019422	0.01292272	0.02663580	0.01870896
ASV_614	0.018665	0.02188023	0.01686220	0.01725315
ASV_627	0.019249	0.007276331	0.024514885	0.025955121
ASV_651	0.019206	0.01816443	0.02933185	0.01012204
ASV_764	0.018255	0.032338703	0.012553435	0.009871689
ASV_792	0.019281	0.01410613	0.02936925	0.01436730
ASV_793	0.018783	0.01815461	0.01679183	0.02140393
ASV_819	0.019338	0.02234110	0.02384357	0.01182999
ASV_833	0.019187	0.01265448	0.02762911	0.01727736
ASV_889	0.018648	0.02610225	0.01384417	0.01599640
ASV_902	0.018795	0.02638102	0.01390716	0.01609785
ASV_915	0.018628	0.02324868	0.01840815	0.01422657
ASV_932	0.018582	0.02603493	0.01822973	0.01148248
ASV_1015	0.019094	0.010977925	0.042021712	0.004280913
ASV_1096	0.01859	0.01486219	0.02782743	0.01308146
ASV_1135	0.018321	0.02530370	0.01528714	0.01437117
ASV_1194	0.018538	0.01961760	0.02031511	0.01568070
ASV_1240	0.019241	0.001446634	0.041922655	0.014354492
ASV_1251	0.01851	0.01501347	0.02314259	0.01737337
ASV_1326	0.018502	0.01055943	0.02485579	0.02008928
ASV_1340	0.018523	0.009617609	0.023134265	0.022817489
ASV_1348	0.018652	0.01702726	0.02174725	0.01718042
ASV_653	0.018875	0.01287037	0.02639630	0.01735745
ASV_655	0.018048	0.009617609	0.007538213	0.036987518
ASV_703	0.018157	0.01627675	0.01231517	0.02587980
ASV_709	0.018448	0.009626838	0.018398227	0.027319942
ASV_721	0.018135	0.02064872	0.01672699	0.01702827
ASV_722	0.018403	0.01712011	0.01519889	0.02289027
ASV_751	0.01837	0.02232111	0.01542272	0.01736730
ASV_806	0.018549	0.02616510	0.01673308	0.01274798
ASV_1038	0.018315	0.02323470	0.02012897	0.01158210
ASV_1050	0.018049	0.01436936	0.01709242	0.02268587
ASV_1137	0.017537	0.02143686	0.01238614	0.01878794
ASV_1168	0.018097	0.01114525	0.02606338	0.01708224
ASV_631	0.018132	0.008217214	0.024714765	0.021464368
ASV_663	0.018281	0.01434752	0.02494498	0.01555070
ASV_669	0.017959	0.02065366	0.01877499	0.01444718
ASV_699	0.018194	0.01729967	0.01980287	0.01748049
ASV_724	0.017853	0.01959594	0.01244946	0.02151470
ASV_726	0.018266	0.01022115	0.02004044	0.02453705
ASV_739	0.017825	0.02950569	0.01084501	0.01312359
ASV_756	0.01782	0.02187142	0.02142712	0.01016265
ASV_796	0.018263	0.01139925	0.02033461	0.02305642
ASV_861	0.018002	0.01503783	0.02466971	0.01429949
ASV_907	0.018545	0.00555012	0.03568409	0.01439973
ASV_922	0.018681	0.015089726	0.035132408	0.005822006
ASV_1064	0.017049	0.025635012	0.018390303	0.007121952
ASV_1285	0.017352	0.01834445	0.01236630	0.02134621
ASV_1360	0.017068	0.02892937	0.01224449	0.01002977
ASV_1432	0.017815	0.01750013	0.01872251	0.01722241
ASV_1482	0.017161	0.031862432	0.016759280	0.002862213
ASV_728	0.017732	0.02150318	0.02019427	0.01149837
ASV_735	0.017371	0.000000000	0.003184965	0.048927018
ASV_740	0.017422	0.01507117	0.01994936	0.01724581
ASV_748	0.017302	0.026536805	0.016759581	0.008609268
ASV_779	0.01755	0.01528798	0.02002735	0.01733343
ASV_799	0.018416	0.004651595	0.050597573	0.000000000
ASV_807	0.017756	0.01250927	0.02794454	0.01281458
ASV_808	0.017042	0.02303525	0.01221890	0.01587274
ASV_817	0.017252	0.02182683	0.01726610	0.01266342
ASV_912	0.017744	0.01253883	0.02351930	0.01717332
ASV_938	0.017211	0.02324092	0.01551288	0.01288062
ASV_957	0.017354	0.02100927	0.01543014	0.01562200
ASV_981	0.018151	0.001550532	0.035596813	0.017305113
ASV_1065	0.017129	0.01098058	0.02325166	0.01715559
ASV_1161	0.017348	0.01144667	0.02320559	0.01739289
ASV_1235	0.017086	0.01374710	0.02176070	0.01574931
ASV_1369	0.01681	0.01088667	0.01514073	0.02440342
ASV_1408	0.017032	0.009355612	0.024567588	0.017171481
ASV_755	0.017173	0.007026177	0.019821433	0.024670663
ASV_760	0.017465	0.00000000	0.03073260	0.02166098
ASV_774	0.017001	0.01252769	0.01990549	0.01856860
ASV_789	0.017211	0.005743756	0.024258770	0.021631195
ASV_803	0.017008	0.01540149	0.01837741	0.01724604
ASV_816	0.016964	0.02051722	0.02321195	0.00716368
ASV_874	0.016956	0.01813515	0.01843406	0.01429765
ASV_898	0.017274	0.006999408	0.024874689	0.019948294
ASV_1058	0.016471	0.01364767	0.01861442	0.01715147
ASV_1253	0.016102	0.01457077	0.01230843	0.02142591
ASV_1380	0.016462	0.01519062	0.01564916	0.01854613
ASV_1397	0.017186	0.004288354	0.031341769	0.015927783
ASV_1402	0.016946	0.006841309	0.032660608	0.011335415
ASV_1473	0.016709	0.01544887	0.02020513	0.01447225
ASV_785	0.016763	0.02022019	0.03006796	0.00000000
ASV_818	0.016897	0.019018298	0.023075034	0.008597249
ASV_824	0.016471	0.01225427	0.01858276	0.01857531
ASV_828	0.016272	0.01225157	0.01381924	0.02274395
ASV_923	0.016239	0.01911952	0.01544291	0.01415318
ASV_948	0.016533	0.01427679	0.01253422	0.02278895
ASV_1013	0.015826	0.01735319	0.01856388	0.01156091
ASV_1014	0.016235	0.005683442	0.024411949	0.018608320
ASV_1103	0.016315	0.01453508	0.02013544	0.01427402
ASV_1110	0.016172	0.00974069	0.02152986	0.01724439
ASV_1113	0.016171	0.01096768	0.02174055	0.01580436
ASV_1116	0.016512	0.009941568	0.026564202	0.013029500
ASV_1174	0.01606	0.016426380	0.025954660	0.005800428
ASV_1184	0.01617	0.01414584	0.01849096	0.01587338
ASV_1209	0.016306	0.01280576	0.02462395	0.01148802
ASV_1289	0.015988	0.01093438	0.01672635	0.02030341
ASV_1347	0.016426	0.01467868	0.02166346	0.01293722
ASV_1352	0.016172	0.01138513	0.02147130	0.01566014
ASV_1451	0.016092	0.01408818	0.01558294	0.01860541
ASV_1527	0.017086	0.004394907	0.045421256	0.001443126
ASV_719	0.01485	0.030959111	0.009323704	0.004266431
ASV_747	0.015942	0.01620986	0.01848045	0.01313589
ASV_841	0.016077	0.01541788	0.01695754	0.01585668
ASV_872	0.016334	0.01555011	0.02323851	0.01021215
ASV_896	0.015475	0.02006512	0.01088340	0.01547735
ASV_926	0.015974	0.01098981	0.01238614	0.02454497
ASV_960	0.016211	0.009571833	0.027604907	0.011457289
ASV_1026	0.01621	0.01085372	0.01902504	0.01875204
ASV_1028	0.014717	0.028014982	0.006145115	0.009989851
ASV_1043	0.015678	0.01224623	0.02326952	0.01151776
ASV_1059	0.015911	0.006926025	0.029208469	0.011599832
ASV_1063	0.015998	0.004184456	0.026552025	0.017256404
ASV_1180	0.015689	0.005520697	0.019989012	0.021556272
ASV_1217	0.015399	0.01769737	0.01548704	0.01301361
ASV_1226	0.015663	0.02180501	0.01391999	0.01126372
ASV_1302	0.015543	0.01244521	0.01848556	0.01569719
ASV_1438	0.01561	0.01850213	0.01689325	0.01143463
ASV_1479	0.015401	0.02393305	0.01223329	0.01003689
ASV_1489	0.016533	0.005841540	0.039469402	0.004289447
ASV_1515	0.015416	0.009179974	0.007801061	0.029267873
ASV_788	0.015364	0.012978206	0.030276634	0.002835729
ASV_802	0.015129	0.021286056	0.019796435	0.004305339
ASV_822	0.015512	0.01657959	0.01989942	0.01005771
ASV_852	0.015903	0.008628255	0.023283240	0.015797637
ASV_853	0.015614	0.009753625	0.021484100	0.015604309
ASV_869	0.015403	0.02085957	0.01532582	0.01002474
ASV_927	0.015848	0.01135301	0.02177984	0.01441175
ASV_947	0.016019	0.007382883	0.029221860	0.011450928
ASV_1008	0.015251	0.01461605	0.01682799	0.01431029
ASV_1009	0.014805	0.023486985	0.015276894	0.005652342
ASV_1030	0.015019	0.009121128	0.021498144	0.014436567
ASV_1034	0.015081	0.02282673	0.01089651	0.01152098
ASV_1057	0.014951	0.01414242	0.01078231	0.01992774
ASV_1069	0.014794	0.016239279	0.009310882	0.018830933
ASV_1084	0.015486	0.002582378	0.026631018	0.017245004
ASV_1263	0.015121	0.008158041	0.024278250	0.012926224
ASV_1298	0.015536	0.008619067	0.029395107	0.008594787
ASV_1325	0.014922	0.01259265	0.01075449	0.02141996
ASV_1337	0.014976	0.005471805	0.012007551	0.027447730
ASV_1359	0.015253	0.01606884	0.01535912	0.01433085
ASV_1407	0.015269	0.01669993	0.02333286	0.00577354
ASV_1437	0.014821	0.023701817	0.012213175	0.008547749
ASV_1471	0.014964	0.01225765	0.01693162	0.01570187
ASV_1517	0.014939	0.007022337	0.007717904	0.030078163
ASV_759	0.01465	0.021867119	0.009246291	0.012836566
ASV_775	0.015116	0.01118226	0.01840914	0.01575806
ASV_777	0.015205	0.01290089	0.01551961	0.01719388
ASV_787	0.014998	0.006524172	0.016925893	0.021542860
ASV_809	0.015046	0.01110555	0.02145947	0.01257439
ASV_827	0.015325	0.017487236	0.018543073	0.009944871
ASV_831	0.013583	0.039150455	0.001598721	0.000000000
ASV_844	0.015321	0.01574261	0.01860769	0.01161391
ASV_857	0.014827	0.019089902	0.016765324	0.008626195
ASV_887	0.015038	0.012999853	0.007538557	0.024575122
ASV_939	0.01535	0.007077302	0.024644756	0.014328441
ASV_946	0.01523	0.009481347	0.021651615	0.014556138
ASV_954	0.015035	0.01116549	0.01688716	0.01705289
ASV_1087	0.014827	0.004258931	0.015771304	0.024450044
ASV_1094	0.013984	0.025912221	0.004674329	0.011366419
ASV_1105	0.015001	0.014622205	0.024598674	0.005783097
ASV_1131	0.014738	0.005207113	0.024476871	0.014528846
ASV_1144	0.014849	0.002731288	0.022934710	0.018880075
ASV_1158	0.014707	0.005637203	0.017028817	0.021455675
ASV_1190	0.014857	0.00839715	0.02338501	0.01279016
ASV_1207	0.014801	0.006898969	0.026134083	0.011370838
ASV_1374	0.015035	0.008619067	0.023461070	0.013025628
ASV_1502	0.014718	0.004184456	0.021452099	0.018515975
ASV_820	0.014664	0.01852051	0.01237241	0.01310058
ASV_834	0.014412	0.01378264	0.01661119	0.01284107
ASV_876	0.014713	0.01399351	0.01562807	0.01451825
ASV_881	0.013936	0.030273103	0.003075608	0.008460778
ASV_886	0.014295	0.01927985	0.01225183	0.01135234
ASV_931	0.014695	0.009753585	0.017093108	0.017238716
ASV_959	0.014808	0.01135954	0.02295454	0.01011002
ASV_975	0.014774	0.008457087	0.021523067	0.014340676
ASV_984	0.014973	0.007034945	0.029286106	0.008597653
ASV_1085	0.014027	0.000000000	0.004610007	0.037470762
ASV_1108	0.014408	0.014501492	0.018761819	0.009959739
ASV_1177	0.014075	0.01255062	0.01387521	0.01580046
ASV_1232	0.013792	0.021874969	0.013779606	0.005721578
ASV_1233	0.014116	0.01354765	0.01878746	0.01001308
ASV_1299	0.014133	0.012716019	0.009374859	0.020307686
ASV_1305	0.014518	0.002844375	0.025016003	0.015693074
ASV_1357	0.014117	0.013721136	0.021471586	0.007157608
ASV_1363	0.014322	0.01037739	0.01970628	0.01288101
ASV_1435	0.014022	0.01390302	0.01540224	0.01275938
ASV_1494	0.014152	0.01258241	0.01690634	0.01296595
ASV_689	0.013736	0.018798769	0.013861753	0.008547749
ASV_780	0.014113	0.006812938	0.018505961	0.017019119
ASV_813	0.015031	0.007246908	0.037847270	0.000000000
ASV_823	0.014229	0.01290093	0.01682289	0.01296308
ASV_832	0.013925	0.008332955	0.009252379	0.024189322
ASV_883	0.014184	0.004217625	0.013984221	0.024351081
ASV_900	0.014427	0.005734988	0.021626047	0.015920011
ASV_933	0.014406	0.008402082	0.021651377	0.013165594
ASV_942	0.014429	0.00000000	0.00000000	0.04328617
ASV_973	0.013574	0.009089010	0.007627745	0.024006387
ASV_1012	0.013376	0.015982039	0.017028805	0.007117029
ASV_1039	0.013266	0.032033506	0.007763016	0.000000000
ASV_1040	0.013426	0.01644480	0.01236667	0.01146515
ASV_1070	0.013361	0.01322028	0.01245780	0.01440477
ASV_1079	0.013937	0.008893712	0.020032437	0.012884234
ASV_1097	0.013412	0.022540332	0.006139027	0.011556637
ASV_1111	0.013625	0.018051521	0.018545041	0.004278451
ASV_1152	0.013717	0.008651184	0.016867315	0.015631197
ASV_1157	0.013481	0.01073316	0.01528905	0.01442069
ASV_1182	0.013416	0.02211563	0.01245012	0.00568205
ASV_1188	0.013539	0.01372687	0.01374730	0.01314298
ASV_1223	0.013467	0.01372763	0.01080633	0.01586690
ASV_1252	0.013372	0.007901392	0.009311227	0.022904441
ASV_1269	0.013794	0.006098229	0.013959298	0.021324198
ASV_1297	0.01373	0.005592478	0.013836818	0.021761808
ASV_1306	0.013548	0.01213355	0.01257900	0.01593163
ASV_1310	0.013825	0.007103306	0.023038643	0.011333358
ASV_1345	0.014194	0.001550532	0.023596735	0.017433453
ASV_1418	0.013394	0.01064917	0.01239897	0.01713276
ASV_1434	0.013652	0.015483264	0.018358571	0.007113776
ASV_1444	0.01341	0.009545869	0.007993605	0.022690333
ASV_773	0.013652	0.01253499	0.01386302	0.01455676
ASV_811	0.013686	0.006958102	0.018351568	0.015748909
ASV_935	0.013501	0.01218705	0.01388223	0.01443412
ASV_1023	0.01341	0.00000000	0.02010377	0.02012521
ASV_1035	0.012977	0.01208201	0.01401080	0.01283720
ASV_1045	0.012724	0.021572455	0.010877947	0.005721578
ASV_1072	0.01343	0.005334187	0.023243948	0.011711875
ASV_1092	0.013064	0.01142108	0.01359316	0.01417722
ASV_1183	0.013228	0.01280964	0.01562261	0.01125308
ASV_1198	0.01292	0.01362184	0.01069759	0.01444185
ASV_1313	0.012664	0.021826409	0.006138739	0.010027321
ASV_1356	0.013204	0.011006296	0.018614053	0.009991909
ASV_1412	0.013249	0.005348437	0.018835068	0.015563802
ASV_1503	0.013296	0.007175087	0.018305524	0.014406210
ASV_1509	0.013174	0.007920862	0.021389400	0.010212153
ASV_812	0.012223	0.019555548	0.003075608	0.014036686
ASV_879	0.013002	0.018073183	0.015262217	0.005671054
ASV_951	0.01248	0.024259434	0.006067414	0.007113776
ASV_976	0.012695	0.029095788	0.004622829	0.004366859
ASV_980	0.013613	0.008414729	0.025266091	0.007157995
ASV_990	0.013208	0.009815125	0.012462568	0.017345045
ASV_1001	0.012999	0.01029145	0.01559029	0.01311506
ASV_1003	0.012537	0.012185736	0.007782226	0.017643473
ASV_1029	0.013146	0.004498805	0.027642694	0.007295516
ASV_1048	0.01249	0.013461466	0.015441640	0.008568302
ASV_1052	0.0119	0.026688297	0.006138394	0.002874233
ASV_1060	0.012077	0.028972530	0.002992452	0.004266431
ASV_1074	0.012475	0.006367676	0.018209602	0.012848982
ASV_1098	0.012739	0.008725619	0.010884035	0.018606488
ASV_1100	0.012499	0.008281408	0.013754307	0.015459833
ASV_1132	0.012662	0.008342949	0.013835822	0.015808229
ASV_1179	0.012639	0.010906144	0.017130508	0.009880269
ASV_1195	0.012251	0.01598112	0.01226401	0.00850884
ASV_1196	0.012378	0.01221027	0.01065857	0.01426624
ASV_1219	0.012685	0.008910527	0.006247751	0.022895935
ASV_1228	0.012797	0.013080822	0.015332540	0.009976797
ASV_1236	0.012468	0.014509228	0.017194754	0.005700404
ASV_1279	0.012875	0.008540751	0.018606768	0.011477787
ASV_1383	0.012481	0.02169951	0.00000000	0.01574217
ASV_1394	0.012731	0.005365253	0.021588647	0.011239865
ASV_1416	0.012788	0.008403263	0.015494675	0.014464864
ASV_1448	0.012671	0.015267882	0.016996861	0.005747442
ASV_1453	0.011899	0.026967915	0.003037218	0.005693308
ASV_1455	0.012523	0.009809052	0.007718249	0.020041832
ASV_1510	0.012638	0.01134277	0.00785256	0.01871894
ASV_866	0.012984	0.005543586	0.024739700	0.008667922
ASV_885	0.012542	0.01265685	0.01059526	0.01437364
ASV_934	0.012598	0.006338253	0.018537674	0.012918104
ASV_977	0.012673	0.003814721	0.018660486	0.015544584
ASV_982	0.012603	0.021653651	0.001598721	0.014557162
ASV_994	0.013014	0.01027615	0.01862687	0.01013938
ASV_998	0.01223	0.019266284	0.004694141	0.012729672
ASV_1006	0.011968	0.009342677	0.010658587	0.015903733
ASV_1010	0.011882	0.01336160	0.01373483	0.00855021
ASV_1080	0.012492	0.001550532	0.021632424	0.014292342
ASV_1114	0.012107	0.011852416	0.015840422	0.008627623
ASV_1238	0.012332	0.009947681	0.015603099	0.011446651
ASV_1292	0.01226	0.008402082	0.014010748	0.014368326
ASV_1300	0.012267	0.013845363	0.017168572	0.005788408
ASV_1324	0.011902	0.011892978	0.016675791	0.007137816
ASV_1367	0.012453	0.022213307	0.010818799	0.004328355
ASV_1391	0.011996	0.01232838	0.01215465	0.01150365
ASV_1477	0.012178	0.009721507	0.016784848	0.010028355
ASV_1484	0.012041	0.012369553	0.009420584	0.014333695
ASV_850	0.012093	0.013962021	0.013671208	0.008646749
ASV_865	0.012175	0.005207113	0.021294675	0.010023721
ASV_870	0.011972	0.022257308	0.010831276	0.002826171
ASV_891	0.0121	0.013984319	0.015270161	0.007044944
ASV_914	0.012533	0.005994331	0.020110771	0.011494884
ASV_964	0.012257	0.007028831	0.015558288	0.014183794
ASV_967	0.011687	0.016242985	0.007423112	0.011396127
ASV_983	0.012237	0.01108448	0.01852552	0.00710154
ASV_993	0.012289	0.01115521	0.01559578	0.01011533
ASV_1000	0.011544	0.009666215	0.012167763	0.012799482
ASV_1031	0.012002	0.002997166	0.021579294	0.011429754
ASV_1033	0.011576	0.013441559	0.015435884	0.005849928
ASV_1047	0.011842	0.00443461	0.01234039	0.01875173
ASV_1071	0.011537	0.01643675	0.01241269	0.00576152
ASV_1077	0.011896	0.002795483	0.018234896	0.014657186
ASV_1082	0.011998	0.001261766	0.024566441	0.010166263
ASV_1088	0.011881	0.012955892	0.013927297	0.008758792
ASV_1122	0.011817	0.00568875	0.01688586	0.01287508
ASV_1123	0.012031	0.002737823	0.024835052	0.008518802
ASV_1130	0.011588	0.008072009	0.015359461	0.011332954
ASV_1140	0.011044	0.018568714	0.004475427	0.010087817
ASV_1143	0.01187	0.005913361	0.013850210	0.015846471
ASV_1159	0.011892	0.002997166	0.016926150	0.015752799
ASV_1167	0.012146	0.004651595	0.024585916	0.007201564
ASV_1169	0.011583	0.013780269	0.011006483	0.009963583
ASV_1175	0.011677	0.015372831	0.011018346	0.008638619
ASV_1201	0.01033	0.03098853	0.00000000	0.00000000
ASV_1220	0.011726	0.015650131	0.013742419	0.005785946
ASV_1283	0.011601	0.007888785	0.015283308	0.011632001
ASV_1308	0.011685	0.012381436	0.017027884	0.005646223
ASV_1343	0.011848	0.003999589	0.021535255	0.010007801
ASV_1398	0.011823	0.006575432	0.020385838	0.008506378
ASV_1462	0.011782	0.012244712	0.018684481	0.004416359
ASV_1468	0.01162	0.006922279	0.010799901	0.017137281
ASV_894	0.011328	0.013208985	0.010819080	0.009955219
ASV_903	0.011608	0.009397970	0.015428818	0.009996185
ASV_924	0.011654	0.009830427	0.010973580	0.014157067
ASV_961	0.011607	0.00959814	0.01087795	0.01434509
ASV_995	0.011897	0.005985142	0.016843984	0.012863060
ASV_1022	0.011862	0.00000000	0.03558609	0.00000000
ASV_1054	0.0113	0.008332955	0.015558364	0.010009643
ASV_1055	0.010832	0.014553824	0.009232836	0.008709292
ASV_1119	0.011245	0.009706205	0.016951449	0.007078525
ASV_1170	0.011304	0.011310651	0.015404228	0.007196516
ASV_1172	0.011131	0.008304297	0.010697591	0.014392008
ASV_1178	0.011227	0.009679150	0.014055890	0.009944467
ASV_1181	0.011536	0.01064593	0.01083892	0.01312319
ASV_1216	0.011213	0.008204279	0.010865169	0.014569454
ASV_1225	0.011246	0.008653838	0.013651019	0.011432573
ASV_1227	0.011287	0.01146610	0.01227649	0.01011779
ASV_1248	0.011112	0.015095487	0.012327623	0.005911448
ASV_1312	0.011249	0.015534811	0.013894043	0.004318797
ASV_1335	0.011146	0.010531477	0.018628197	0.004278451
ASV_1405	0.011014	0.002737823	0.004693163	0.025610006
ASV_1413	0.011534	0.005656673	0.018754797	0.010189899
ASV_1433	0.010865	0.012170277	0.006189894	0.014234318
ASV_849	0.010603	0.021568574	0.003101809	0.007140044
ASV_909	0.010829	0.017738681	0.006214817	0.008532863
ASV_970	0.011371	0.002624736	0.018473039	0.013015308
ASV_1007	0.010678	0.008114367	0.012450436	0.011468258
ASV_1037	0.01059	0.004258931	0.003063131	0.024449027
ASV_1041	0.01084	0.010019502	0.013901409	0.008598659
ASV_1095	0.011053	0.015401420	0.009311227	0.008447105
ASV_1102	0.010581	0.010181441	0.006196251	0.015365091
ASV_1106	0.010715	0.008508634	0.007859294	0.015776417
ASV_1120	0.010553	0.012255414	0.010729266	0.008673637
ASV_1136	0.010797	0.004029012	0.012385845	0.015975225
ASV_1139	0.010246	0.018669654	0.006344976	0.005723016
ASV_1156	0.010891	0.002841721	0.017002616	0.012827638
ASV_1164	0.010526	0.017898731	0.009349560	0.004328355
ASV_1189	0.010759	0.002997166	0.009162790	0.020116576
ASV_1206	0.010873	0.002997166	0.016785482	0.012836792
ASV_1222	0.01109	0.005942784	0.020264273	0.007063656
ASV_1255	0.010635	0.007837198	0.015537167	0.008529394
ASV_1257	0.010103	0.014599865	0.001547221	0.014162564
ASV_1261	0.010811	0.002731288	0.012348733	0.017352959
ASV_1272	0.010758	0.012601880	0.013926977	0.005744189
ASV_1290	0.010735	0.004434610	0.007781881	0.019988065
ASV_1333	0.010468	0.006987565	0.006188885	0.018227304
ASV_1414	0.010613	0.005303712	0.012322168	0.014214526
ASV_1472	0.010676	0.006843964	0.010825187	0.014359559
ASV_1518	0.010808	0.002795483	0.015429151	0.014199686
ASV_1521	0.011013	0.005573009	0.021644594	0.005820982
ASV_1032	0.010369	0.007016988	0.013940733	0.010148933
ASV_1042	0.010335	0.013305434	0.006118914	0.011581740
ASV_1051	0.010158	0.009498122	0.012399255	0.008576695
ASV_1090	0.010221	0.011450794	0.010524576	0.008687715
ASV_1107	0.010069	0.008061769	0.009208546	0.012936816
ASV_1138	0.010485	0.004217625	0.021485034	0.005750928
ASV_1173	0.010364	0.00560778	0.01542243	0.01006298
ASV_1197	0.010013	0.006503651	0.007712161	0.015824149
ASV_1202	0.010452	0.001291189	0.003197442	0.026867276
ASV_1212	0.010503	0.003101064	0.015512626	0.012894441
ASV_1221	0.009702	0.021177709	0.007929628	0.000000000
ASV_1288	0.010353	0.011699896	0.010761211	0.008599306
ASV_1304	0.010277	0.007190389	0.010736269	0.012904646
ASV_1338	0.010215	0.008215701	0.012418146	0.010010667
ASV_1364	0.010154	0.006947862	0.009202158	0.014312521
ASV_1379	0.010251	0.01240167	0.01262279	0.00572935
ASV_1386	0.009768	0.017565240	0.004661852	0.007077734
ASV_1011	0.00954	0.007853686	0.007852560	0.012912550
ASV_1061	0.009182	0.012933154	0.004635939	0.009976636
ASV_1112	0.009809	0.009043848	0.003063131	0.017318551
ASV_1121	0.009683	0.008679802	0.001598721	0.018771235
ASV_1141	0.009723	0.008242756	0.007865037	0.013061050
ASV_1166	0.009946	0.008836052	0.013887955	0.007113560
ASV_1171	0.009356	0.013525988	0.003037218	0.011506103
ASV_1176	0.009837	0.007034945	0.010992414	0.011483097
ASV_1192	0.009719	0.009756700	0.009310882	0.010089255
ASV_1208	0.00981	0.008653838	0.009380947	0.011396127
ASV_1247	0.010092	0.001446634	0.021624143	0.007205050
ASV_1250	0.009587	0.009685684	0.007698425	0.011375977
ASV_1260	0.00948	0.006575432	0.007609825	0.014254225
ASV_1296	0.009796	0.011236216	0.015224172	0.002926195
ASV_1320	0.009636	0.008135152	0.009323014	0.011450928
ASV_1334	0.009537	0.005177691	0.007615625	0.015818792
ASV_1382	0.009673	0.008291649	0.012142132	0.008586253
ASV_1415	0.0095	0.007921913	0.007641482	0.012936816
ASV_1454	0.009283	0.012031935	0.001547221	0.014269326
ASV_1461	0.009944	0.007071229	0.016989494	0.005771078
ASV_1485	0.009446	0.007843732	0.009079064	0.011414481
ASV_1496	0.009397	0.011977694	0.007755949	0.008458721
ASV_950	0.009815	0.008674072	0.007833381	0.012936862
ASV_1075	0.00964	0.002948273	0.020161713	0.005809986
ASV_1146	0.00946	0.001333547	0.017067809	0.009979259
ASV_1230	0.009223	0.005439688	0.012418779	0.009809953
ASV_1239	0.009446	0.005737642	0.012546702	0.010054839
ASV_1268	0.009417	0.00000000	0.01533899	0.01291167
ASV_1317	0.009572	0.005518003	0.017425707	0.005773540
ASV_1319	0.009011	0.011192632	0.004500995	0.011338264
ASV_1331	0.009084	0.009481634	0.010657942	0.007113776
ASV_1339	0.009296	0.005454990	0.015346640	0.007086268
ASV_1362	0.009317	0.009199293	0.003145942	0.015606366
ASV_1420	0.009574	0.000000000	0.025737205	0.002985253
ASV_1513	0.009197	0.004155033	0.009316625	0.014120620
ASV_989	0.00898	0.007918208	0.008983443	0.010039341
ASV_996	0.009217	0.005683442	0.007698425	0.014267898
ASV_1133	0.008251	0.015925695	0.004597261	0.004230389
ASV_1148	0.009001	0.002812298	0.014002422	0.010187841
ASV_1193	0.008937	0.002844375	0.013978133	0.009989851
ASV_1204	0.008803	0.001397741	0.010799901	0.014211040
ASV_1243	0.008547	0.012136844	0.006260228	0.007242530
ASV_1256	0.008464	0.009333775	0.006022648	0.010036889
ASV_1277	0.008807	0.015729627	0.007704794	0.002985253
ASV_1293	0.008693	0.009832992	0.004622829	0.011622433
ASV_1344	0.009049	0.000000000	0.021452732	0.005694689
ASV_1378	0.009035	0.004330712	0.014074110	0.008699734
ASV_1381	0.008656	0.005705565	0.003101809	0.017160270
ASV_1392	0.008635	0.009348026	0.012129730	0.004428379
ASV_1393	0.008506	0.014807183	0.007834340	0.002876695
ASV_1442	0.008809	0.005841540	0.012058406	0.008526171
ASV_1469	0.008752	0.012515809	0.012335009	0.001404218
ASV_1475	0.00893	0.005686096	0.013895666	0.007207108
ASV_1529	0.009043	0.001333547	0.025796259	0.000000000
ASV_1044	0.008164	0.006757645	0.010530376	0.007204026
ASV_1124	0.008339	0.007019642	0.012283854	0.005712020
ASV_1215	0.00829	0.005656673	0.007730726	0.011482477
ASV_1229	0.00845	0.005624555	0.016886494	0.002837787
ASV_1270	0.008162	0.000000000	0.004469338	0.020017058
ASV_1291	0.008796	0.007544863	0.017409662	0.001433568
ASV_1295	0.008418	0.011930581	0.004700530	0.008621675
ASV_1316	0.008158	0.008453628	0.003094442	0.012925594
ASV_1327	0.007781	0.016090235	0.001515565	0.005736446
ASV_1377	0.008161	0.006701454	0.009131190	0.008649210
ASV_1388	0.008309	0.005303712	0.009445193	0.010179307
ASV_1401	0.008227	0.005177691	0.013703497	0.005800428
ASV_1430	0.008354	0.005945439	0.004622829	0.014492776
ASV_1445	0.008413	0.005777346	0.007787969	0.011673371
ASV_1460	0.008509	0.004041946	0.015673465	0.005811424
ASV_1483	0.008019	0.006760299	0.004591173	0.012706440
ASV_1492	0.008314	0.00532020	0.01247028	0.00715166
ASV_1498	0.008068	0.009442695	0.004700530	0.010060525
ASV_1507	0.008085	0.008122083	0.003068874	0.013064536
ASV_1511	0.008382	0.001261766	0.016669114	0.007215632
ASV_1154	0.007882	0.002997166	0.007802339	0.012845372
ASV_1165	0.007861	0.011699896	0.006222183	0.005661496
ASV_1187	0.007954	0.004113727	0.013946821	0.005802890
ASV_1237	0.008034	0.002844375	0.016956465	0.004300705
ASV_1282	0.007689	0.011194910	0.004578351	0.007293054
ASV_1287	0.007395	0.014597824	0.004719709	0.002867137
ASV_1318	0.007838	0.005664259	0.010753844	0.007095064
ASV_1332	0.007636	0.005526770	0.004508016	0.012873642
ASV_1342	0.007977	0.000000000	0.015262850	0.008667565
ASV_1373	0.00803	0.005679561	0.014043701	0.004366859
ASV_1390	0.007841	0.002737823	0.012194265	0.008590510
ASV_1395	0.007734	0.006583018	0.003184965	0.013433638
ASV_1400	0.007745	0.004022477	0.007647570	0.011564813
ASV_1417	0.007752	0.011192632	0.009189048	0.002874233
ASV_1427	0.007901	0.008527816	0.009381216	0.005793332
ASV_1480	0.007931	0.008628255	0.009315992	0.005847466
ASV_1488	0.007859	0.00278018	0.01076760	0.01002876
ASV_1203	0.007152	0.008322253	0.003062786	0.010069725
ASV_1210	0.007315	0.008278754	0.007813538	0.005852390
ASV_1278	0.007416	0.007340526	0.009175957	0.005732574
ASV_1307	0.007641	0.001446634	0.015731053	0.005743832
ASV_1314	0.007114	0.005838886	0.000000000	0.015502639
ASV_1368	0.007255	0.005543586	0.006209073	0.010013487
ASV_1370	0.007399	0.005896546	0.009174967	0.007125176
ASV_1404	0.007187	0.005207113	0.010749034	0.005605257
ASV_1424	0.007372	0.001550532	0.009105566	0.011459866
ASV_1439	0.007363	0.007181622	0.007756294	0.007151660
ASV_1443	0.007234	0.004330712	0.003063131	0.014306806
ASV_1447	0.00735	0.002884079	0.006164940	0.013000554
ASV_1463	0.007412	0.005560361	0.012348445	0.004327951
ASV_1466	0.007359	0.004106141	0.010902870	0.007068176
ASV_1490	0.00686	0.011866209	0.001598721	0.007114584
ASV_1497	0.007111	0.007980759	0.006188885	0.007163680
ASV_1266	0.006883	0.000000000	0.012257596	0.008390462
ASV_1267	0.006827	0.000000000	0.006132005	0.014350018
ASV_1274	0.006827	0.005520697	0.009111366	0.005847466
ASV_1321	0.006758	0.003886502	0.007665771	0.008721699
ASV_1336	0.006834	0.001261766	0.010645477	0.008594383
ASV_1346	0.007014	0.002841721	0.013888663	0.004310263
ASV_1366	0.007093	0.010645927	0.007768771	0.002864675
ASV_1421	0.007108	0.00000000	0.01549977	0.00582304
ASV_1422	0.006956	0.000000000	0.012193331	0.008676099
ASV_1440	0.006801	0.004498805	0.006016559	0.009887365
ASV_1508	0.006769	0.002731288	0.009027921	0.008547749
ASV_1512	0.00671	0.003814721	0.007589712	0.008726623
ASV_1523	0.006867	0.000000000	0.009214002	0.011385922
ASV_1525	0.006892	0.001333547	0.010774678	0.008568302
ASV_1262	0.006141	0.002731288	0.002953773	0.012737172
ASV_1349	0.006375	0.002948273	0.009098889	0.007077734
ASV_1354	0.006403	0.005792648	0.007646937	0.005770458
ASV_1399	0.006106	0.003844144	0.004540018	0.009932851
ASV_1449	0.006455	0.005838886	0.007736470	0.005788408
ASV_1474	0.006456	0.002844375	0.010877283	0.005647418
ASV_1514	0.006312	0.001261766	0.006138739	0.011535059
ASV_1522	0.006574	0.001446634	0.014003431	0.004271355
ASV_1436	0.00556	0.009449557	0.001586244	0.005643761
ASV_1486	0.005908	0.001446634	0.006176772	0.010100861
ASV_1499	0.005944	0.001291189	0.009407148	0.007133568
ASV_1501	0.005638	0.007794840	0.007684970	0.001433568
ASV_1504	0.005595	0.003886502	0.004430660	0.008467470
ASV_1519	0.005855	0.001397741	0.003197442	0.012970056
ASV_1426	0.005446	0.004281820	0.009181700	0.002874233
ASV_1478	0.005264	0.004113727	0.004590527	0.007086888
ASV_1505	0.005297	0.004064835	0.006164940	0.005661900
ASV_1431	0.004721	0.008261939	0.001521653	0.004378879
ASV_1481	0.004843	0.005439688	0.006241362	0.002847345
