richness	KO1	KO2	KO3	KO4	KO5	KO6	OE1	OE2	OE3	OE4	OE5	OE6	WT1	WT2	WT3	WT4	WT5	WT6
1	33.0	32.0	39.0	42.0	40.0	40.0	35.0	36.0	27.0	36.0	35.0	30.0	36.0	42.0	34.0	34.0	32.0	37.0
2	78.0	84.0	85.0	79.0	79.0	78.0	75.0	77.0	70.0	78.0	85.0	91.0	73.0	68.0	79.0	82.0	73.0	84.0
3	120.0	131.0	117.0	114.0	108.0	112.0	130.0	121.0	114.0	116.0	121.0	136.0	106.0	100.0	135.0	116.0	108.0	119.0
4	165.0	177.0	156.0	148.0	148.0	159.0	189.0	163.0	148.0	159.0	160.0	175.0	148.0	136.0	174.0	160.0	149.0	153.0
5	207.0	222.0	179.0	180.0	175.0	201.0	238.0	218.0	198.0	192.0	206.0	217.0	186.0	170.0	215.0	199.0	184.0	191.0
6	242.0	262.0	220.0	202.0	200.0	233.0	292.0	274.0	238.0	237.0	255.0	276.0	217.0	200.0	260.0	247.0	209.0	230.0
7	283.0	298.0	249.0	240.0	224.0	264.0	333.0	319.0	274.0	276.0	304.0	325.0	264.0	236.0	306.0	278.0	242.0	281.0
8	326.0	323.0	276.0	277.0	256.0	301.0	381.0	365.0	310.0	311.0	345.0	398.0	285.0	267.0	344.0	331.0	264.0	318.0
9	378.0	378.0	308.0	301.0	271.0	336.0	428.0	397.0	349.0	351.0	382.0	424.0	340.0	294.0	382.0	347.0	308.0	348.0
10	409.0	406.0	331.0	335.0	297.0	368.0	472.0	433.0	391.0	398.0	425.0	465.0	347.0	321.0	416.0	380.0	327.0	397.0
11	434.0	443.0	360.0	357.0	310.0	409.0	527.0	481.0	430.0	426.0	454.0	513.0	396.0	348.0	448.0	429.0	356.0	438.0
12	472.0	470.0	390.0	392.0	337.0	416.0	561.0	498.0	454.0	455.0	482.0	556.0	427.0	397.0	484.0	475.0	401.0	476.0
13	513.0	511.0	420.0	420.0	351.0	442.0	595.0	531.0	474.0	497.0	523.0	597.0	463.0	410.0	528.0	490.0	418.0	483.0
14	518.0	539.0	441.0	436.0	384.0	486.0	639.0	559.0	522.0	533.0	572.0	617.0	486.0	443.0	567.0	510.0	443.0	532.0
15	556.0	560.0	443.0	460.0	402.0	521.0	675.0	586.0	546.0	563.0	598.0	642.0	515.0	463.0	579.0	549.0	465.0	564.0
16	593.0	590.0	469.0	478.0	434.0	521.0	689.0	620.0	570.0	581.0	625.0	696.0	559.0	470.0	623.0	573.0	493.0	579.0
17	601.0	628.0	478.0	512.0	432.0	550.0	715.0	637.0	613.0	611.0	649.0	694.0	576.0	515.0	643.0	601.0	516.0	586.0
18	637.0	635.0	496.0	543.0	465.0	572.0	736.0	679.0	614.0	633.0	690.0	712.0	586.0	532.0	669.0	634.0	546.0	623.0
19	647.0	666.0	522.0	553.0	480.0	593.0	749.0	707.0	624.0	651.0	704.0	754.0	624.0	552.0	693.0	643.0	557.0	636.0
20	670.0	679.0	537.0	571.0	490.0	631.0	782.0	717.0	669.0	684.0	716.0	770.0	653.0	572.0	713.0	671.0	583.0	684.0
21	686.0	699.0	553.0	588.0	515.0	631.0	808.0	744.0	674.0	703.0	755.0	788.0	670.0	600.0	738.0	693.0	598.0	697.0
22	712.0	711.0	568.0	589.0	539.0	651.0	820.0	770.0	707.0	710.0	754.0	809.0	680.0	614.0	751.0	702.0	613.0	723.0
23	719.0	730.0	577.0	623.0	527.0	669.0	827.0	791.0	715.0	723.0	785.0	840.0	709.0	644.0	762.0	728.0	633.0	728.0
24	748.0	756.0	596.0	639.0	544.0	679.0	857.0	784.0	731.0	750.0	793.0	845.0	687.0	659.0	789.0	742.0	656.0	772.0
25	760.0	753.0	602.0	643.0	562.0	694.0	867.0	803.0	766.0	754.0	828.0	868.0	733.0	663.0	809.0	751.0	656.0	765.0
26	767.0	768.0	617.0	656.0	577.0	695.0	882.0	832.0	760.0	785.0	831.0	871.0	740.0	690.0	814.0	756.0	682.0	774.0
27	797.0	789.0	625.0	669.0	597.0	723.0	889.0	852.0	783.0	797.0	848.0	897.0	750.0	690.0	828.0	781.0	693.0	793.0
28	803.0	800.0	636.0	677.0	592.0	734.0	909.0	863.0	797.0	802.0	861.0	896.0	775.0	704.0	841.0	794.0	716.0	804.0
29	802.0	822.0	656.0	680.0	605.0	737.0	925.0	870.0	812.0	820.0	861.0	908.0	780.0	719.0	848.0	803.0	714.0	822.0
30	814.0	826.0	660.0	694.0	619.0	759.0	920.0	887.0	816.0	836.0	881.0	930.0	803.0	730.0	867.0	805.0	722.0	826.0
31	825.0	837.0	663.0	709.0	636.0	762.0	943.0	891.0	826.0	833.0	883.0	935.0	795.0	732.0	878.0	833.0	745.0	833.0
32	838.0	841.0	672.0	719.0	635.0	773.0	949.0	915.0	829.0	849.0	897.0	930.0	812.0	749.0	877.0	828.0	740.0	843.0
33	837.0	848.0	684.0	735.0	632.0	782.0	935.0	914.0	848.0	850.0	903.0	956.0	816.0	750.0	892.0	849.0	757.0	858.0
34	835.0	859.0	690.0	726.0	660.0	786.0	947.0	933.0	862.0	864.0	916.0	952.0	822.0	776.0	901.0	851.0	754.0	859.0
35	853.0	869.0	683.0	743.0	668.0	799.0	954.0	932.0	862.0	879.0	928.0	960.0	840.0	766.0	907.0	868.0	786.0	857.0
36	856.0	862.0	706.0	755.0	675.0	810.0	967.0	942.0	872.0	888.0	931.0	974.0	839.0	784.0	920.0	866.0	788.0	882.0
37	881.0	880.0	712.0	760.0	686.0	808.0	966.0	947.0	887.0	888.0	942.0	977.0	847.0	799.0	913.0	869.0	802.0	884.0
38	875.0	881.0	719.0	763.0	689.0	809.0	964.0	956.0	882.0	901.0	945.0	994.0	851.0	790.0	934.0	889.0	795.0	887.0
39	881.0	902.0	723.0	774.0	687.0	819.0	982.0	959.0	896.0	888.0	954.0	982.0	867.0	800.0	938.0	887.0	814.0	911.0
40	888.0	894.0	731.0	777.0	701.0	827.0	1001.0	977.0	905.0	917.0	959.0	1005.0	885.0	824.0	944.0	892.0	813.0	912.0
41	892.0	918.0	742.0	785.0	707.0	835.0	996.0	977.0	925.0	912.0	967.0	1011.0	893.0	828.0	951.0	914.0	830.0	916.0
42	909.0	921.0	759.0	797.0	721.0	849.0	1008.0	983.0	913.0	926.0	967.0	1009.0	888.0	836.0	963.0	905.0	828.0	929.0
43	909.0	928.0	752.0	791.0	732.0	857.0	1018.0	981.0	924.0	931.0	988.0	1019.0	914.0	837.0	968.0	909.0	836.0	940.0
44	935.0	939.0	776.0	810.0	734.0	867.0	1012.0	999.0	928.0	934.0	983.0	1031.0	901.0	837.0	964.0	927.0	837.0	952.0
45	930.0	947.0	764.0	810.0	743.0	868.0	1031.0	1004.0	944.0	956.0	982.0	1052.0	925.0	871.0	979.0	924.0	853.0	961.0
46	948.0	944.0	780.0	827.0	763.0	884.0	1047.0	1007.0	949.0	970.0	996.0	1034.0	926.0	858.0	986.0	936.0	880.0	972.0
47	952.0	967.0	780.0	829.0	753.0	892.0	1043.0	1034.0	960.0	990.0	1011.0	1057.0	948.0	872.0	990.0	960.0	867.0	968.0
48	951.0	960.0	800.0	847.0	762.0	887.0	1058.0	1047.0	979.0	973.0	1011.0	1056.0	957.0	891.0	997.0	961.0	879.0	970.0
49	970.0	969.0	822.0	845.0	778.0	915.0	1046.0	1047.0	956.0	988.0	1034.0	1067.0	952.0	878.0	1008.0	961.0	897.0	998.0
50	972.0	964.0	819.0	867.0	777.0	920.0	1062.0	1031.0	985.0	999.0	1047.0	1080.0	968.0	902.0	1019.0	983.0	905.0	1005.0
51	980.0	981.0	825.0	864.0	792.0	918.0	1073.0	1059.0	982.0	1013.0	1049.0	1082.0	970.0	911.0	1022.0	979.0	920.0	1026.0
52	999.0	981.0	840.0	867.0	800.0	928.0	1069.0	1045.0	995.0	1012.0	1044.0	1101.0	999.0	912.0	1026.0	999.0	932.0	1024.0
53	1005.0	1007.0	840.0	873.0	790.0	939.0	1080.0	1072.0	1009.0	1022.0	1057.0	1093.0	992.0	920.0	1030.0	1007.0	933.0	1012.0
54	995.0	1015.0	861.0	882.0	807.0	947.0	1078.0	1079.0	1016.0	1032.0	1057.0	1103.0	988.0	940.0	1042.0	1005.0	941.0	1044.0
55	1009.0	1016.0	864.0	902.0	811.0	945.0	1097.0	1104.0	1015.0	1053.0	1059.0	1111.0	1007.0	934.0	1042.0	1001.0	941.0	1047.0
56	1019.0	1012.0	853.0	901.0	824.0	955.0	1093.0	1102.0	1025.0	1063.0	1088.0	1113.0	1023.0	954.0	1049.0	1016.0	953.0	1044.0
57	1011.0	1026.0	876.0	914.0	847.0	966.0	1118.0	1106.0	1043.0	1058.0	1080.0	1123.0	1018.0	951.0	1072.0	1028.0	949.0	1060.0
58	1026.0	1023.0	889.0	919.0	845.0	958.0	1101.0	1093.0	1041.0	1060.0	1105.0	1132.0	1030.0	956.0	1073.0	1031.0	952.0	1068.0
59	1022.0	1051.0	872.0	920.0	842.0	966.0	1113.0	1104.0	1042.0	1066.0	1091.0	1124.0	1032.0	963.0	1072.0	1046.0	975.0	1067.0
60	1036.0	1044.0	888.0	921.0	858.0	965.0	1119.0	1119.0	1041.0	1077.0	1097.0	1122.0	1049.0	963.0	1073.0	1025.0	971.0	1074.0
61	1045.0	1045.0	880.0	936.0	857.0	984.0	1129.0	1098.0	1066.0	1079.0	1103.0	1142.0	1038.0	963.0	1071.0	1049.0	980.0	1078.0
62	1041.0	1046.0	894.0	926.0	861.0	976.0	1120.0	1127.0	1055.0	1078.0	1114.0	1134.0	1055.0	992.0	1082.0	1062.0	980.0	1082.0
63	1046.0	1048.0	907.0	926.0	868.0	986.0	1131.0	1131.0	1071.0	1087.0	1107.0	1142.0	1052.0	980.0	1084.0	1054.0	992.0	1083.0
64	1056.0	1061.0	917.0	931.0	871.0	979.0	1133.0	1136.0	1066.0	1084.0	1107.0	1149.0	1058.0	994.0	1082.0	1055.0	987.0	1088.0
65	1073.0	1050.0	913.0	942.0	868.0	988.0	1128.0	1133.0	1060.0	1088.0	1133.0	1155.0	1058.0	986.0	1097.0	1055.0	995.0	1105.0
66	1065.0	1054.0	919.0	947.0	875.0	988.0	1146.0	1143.0	1063.0	1106.0	1120.0	1156.0	1071.0	999.0	1095.0	1061.0	998.0	1097.0
67	1059.0	1063.0	923.0	947.0	881.0	1004.0	1137.0	1143.0	1073.0	1103.0	1132.0	1160.0	1066.0	995.0	1097.0	1066.0	998.0	1103.0
68	1065.0	1073.0	926.0	947.0	883.0	1005.0	1146.0	1137.0	1075.0	1097.0	1129.0	1164.0	1073.0	1005.0	1099.0	1072.0	1007.0	1097.0
69	1068.0	1073.0	925.0	949.0	881.0	1010.0	1140.0	1148.0	1085.0	1107.0	1133.0	1165.0	1083.0	1002.0	1094.0	1073.0	1007.0	1111.0
70	1070.0	1075.0	926.0	953.0	885.0	1004.0	1145.0	1144.0	1076.0	1111.0	1131.0	1169.0	1075.0	1007.0	1100.0	1073.0	1009.0	1109.0
71	1076.0	1069.0	930.0	959.0	885.0	1004.0	1147.0	1155.0	1073.0	1106.0	1133.0	1168.0	1084.0	1002.0	1110.0	1074.0	1014.0	1105.0
72	1075.0	1076.0	923.0	961.0	890.0	1013.0	1148.0	1157.0	1074.0	1109.0	1132.0	1175.0	1081.0	1013.0	1110.0	1081.0	1011.0	1121.0
73	1079.0	1079.0	934.0	960.0	888.0	1016.0	1152.0	1161.0	1084.0	1118.0	1142.0	1169.0	1080.0	1016.0	1109.0	1077.0	1011.0	1114.0
74	1080.0	1081.0	935.0	962.0	892.0	1014.0	1154.0	1158.0	1087.0	1116.0	1141.0	1171.0	1085.0	1014.0	1102.0	1078.0	1018.0	1116.0
75	1079.0	1082.0	931.0	966.0	893.0	1009.0	1150.0	1158.0	1087.0	1115.0	1140.0	1174.0	1083.0	1019.0	1109.0	1076.0	1011.0	1118.0
76	1084.0	1081.0	934.0	963.0	895.0	1014.0	1152.0	1160.0	1087.0	1112.0	1139.0	1172.0	1086.0	1012.0	1112.0	1078.0	1017.0	1122.0
77	1081.0	1081.0	939.0	960.0	896.0	1015.0	1155.0	1164.0	1085.0	1114.0	1144.0	1174.0	1090.0	1019.0	1108.0	1080.0	1023.0	1121.0
78	1081.0	1080.0	941.0	968.0	895.0	1020.0	1157.0	1164.0	1088.0	1120.0	1143.0	1175.0	1090.0	1019.0	1114.0	1083.0	1022.0	1121.0
79	1082.0	1082.0	939.0	968.0	896.0	1012.0	1155.0	1160.0	1093.0	1120.0	1145.0	1172.0	1088.0	1021.0	1112.0	1085.0	1024.0	1122.0
80	1084.0	1082.0	939.0	972.0	900.0	1020.0	1156.0	1163.0	1091.0	1120.0	1146.0	1176.0	1091.0	1019.0	1117.0	1086.0	1023.0	1122.0
81	1085.0	1082.0	942.0	970.0	900.0	1019.0	1157.0	1165.0	1092.0	1119.0	1141.0	1179.0	1095.0	1021.0	1117.0	1085.0	1020.0	1122.0
82	1086.0	1086.0	941.0	968.0	899.0	1021.0	1159.0	1165.0	1089.0	1119.0	1149.0	1177.0	1094.0	1016.0	1110.0	1088.0	1025.0	1121.0
83	1084.0	1087.0	944.0	969.0	901.0	1020.0	1154.0	1164.0	1092.0	1123.0	1145.0	1177.0	1093.0	1018.0	1113.0	1089.0	1024.0	1126.0
84	1085.0	1083.0	942.0	969.0	902.0	1019.0	1157.0	1162.0	1090.0	1124.0	1145.0	1178.0	1095.0	1021.0	1115.0	1086.0	1023.0	1124.0
85	1083.0	1086.0	941.0	969.0	898.0	1018.0	1158.0	1160.0	1093.0	1121.0	1146.0	1178.0	1094.0	1022.0	1115.0	1086.0	1023.0	1126.0
86	1086.0	1087.0	942.0	970.0	902.0	1019.0	1157.0	1164.0	1093.0	1122.0	1148.0	1178.0	1093.0	1023.0	1117.0	1089.0	1025.0	1127.0
87	1085.0	1087.0	944.0	969.0	902.0	1021.0	1159.0	1165.0	1094.0	1123.0	1146.0	1180.0	1096.0	1023.0	1117.0	1087.0	1025.0	1126.0
88	1087.0	1085.0	941.0	970.0	902.0	1022.0	1156.0	1163.0	1094.0	1122.0	1148.0	1178.0	1094.0	1024.0	1117.0	1088.0	1025.0	1126.0
89	1085.0	1087.0	945.0	970.0	901.0	1021.0	1157.0	1166.0	1094.0	1124.0	1149.0	1180.0	1094.0	1024.0	1115.0	1087.0	1026.0	1127.0
90	1088.0	1087.0	944.0	972.0	901.0	1018.0	1159.0	1164.0	1093.0	1123.0	1149.0	1179.0	1095.0	1023.0	1115.0	1088.0	1025.0	1125.0
91	1085.0	1086.0	944.0	971.0	902.0	1022.0	1158.0	1164.0	1092.0	1124.0	1147.0	1179.0	1095.0	1024.0	1117.0	1089.0	1025.0	1126.0
92	1088.0	1087.0	945.0	969.0	901.0	1021.0	1159.0	1166.0	1094.0	1123.0	1149.0	1180.0	1095.0	1023.0	1117.0	1089.0	1026.0	1127.0
93	1086.0	1087.0	944.0	970.0	901.0	1021.0	1158.0	1165.0	1093.0	1124.0	1149.0	1180.0	1096.0	1024.0	1116.0	1089.0	1025.0	1127.0
94	1088.0	1087.0	945.0	971.0	901.0	1022.0	1159.0	1165.0	1094.0	1124.0	1149.0	1180.0	1095.0	1024.0	1117.0	1086.0	1026.0	1127.0
95	1087.0	1087.0	945.0	972.0	902.0	1021.0	1159.0	1166.0	1094.0	1124.0	1149.0	1179.0	1096.0	1023.0	1117.0	1087.0	1026.0	1127.0
96	1088.0	1087.0	944.0	971.0	902.0	1022.0	1159.0	1166.0	1094.0	1124.0	1149.0	1180.0	1096.0	1024.0	1115.0	1089.0	1026.0	1127.0
97	1088.0	1087.0	944.0	972.0	902.0	1021.0	1158.0	1166.0	1093.0	1124.0	1149.0	1180.0	1096.0	1024.0	1117.0	1089.0	1025.0	1127.0
98	1088.0	1086.0	945.0	972.0	902.0	1022.0	1158.0	1166.0	1094.0	1124.0	1149.0	1180.0	1096.0	1024.0	1117.0	1087.0	1026.0	1127.0
99	1087.0	1087.0	945.0	972.0	902.0	1021.0	1158.0	1166.0	1094.0	1123.0	1149.0	1180.0	1096.0	1024.0	1116.0	1089.0	1026.0	1127.0
100	1088.0	1087.0	945.0	972.0	902.0	1022.0	1159.0	1166.0	1094.0	1124.0	1149.0	1180.0	1096.0	1024.0	1116.0	1088.0	1026.0	1127.0
