Prevotella	Bacteroides	Peptoniphilus	Lactobacillus	Porphyromonas	Anaerococcus	Dialister	Streptococcus	Finegoldia	Faecalibacterium	Campylobacter	Gardnerella	Bifidobacterium	Fusobacterium	Dorea	Parabacteroides	Ruminococcus	Collinsella	Sutterella	Atopobium	Clostridium	Lachnospira	Coprococcus	Corynebacterium	Mobiluncus	Blautia	Roseburia	Oscillospira	Actinomyces	Sneathia	Peptostreptococcus	Megamonas	Phascolarctobacterium	Bilophila	Akkermansia	Megasphaera	Veillonella	Parvimonas	Desulfovibrio	Delftia	Anaerostipes	Butyricimonas	Gallicola	Moryella	Odoribacter	Peptococcus	Mitsuokella	Paraprevotella	Escherichia	Arcanobacterium	Haemophilus	Bulleidia	Catenibacterium	Eggerthella	Staphylococcus	Varibaculum	Pseudomonas	Neisseria	Coprobacillus	Mogibacterium	Rothia	Lachnobacterium	Slackia	Alloscardovia	Methanobrevibacter	Pyramidobacter	Ureaplasma	Shuttleworthia	Acinetobacter	Treponema	Facklamia	Lactococcus	Aerococcus	Synergistes	Gemella	Adlercreutzia	Alistipes	Leptotrichia	Anoxybacillus	Holdemania	Dermabacter	Actinobaculum	Aggregatibacter	Anaerotruncus
Prevotella	0	0.49550376832097	1	1	1	1	0.00797830432704448	1	1	1	1	1	1	1	1	1	1	1	1	1	1	1	1	1	1	1	1	1	1	1	1	1	1	1	1	1	1	1	1	1	1	1	1	1	1	1	1	1	1	1	1	1	1	1	1	1	1	1	1	1	1	1	1	1	1	1	1	1	1	1	1	1	1	1	1	1	1	1	1	1	1	1	1	1
Bacteroides	0.000148088394596823	0	1	1	1	1	0.944346764669939	1	1	0.0344705290218958	1	1	1	1	0.374984933939275	1	1	1	1	1	1	1	1	1	1	1	1	0.00430606774621954	1	1	1	1	2.91995939052628e-08	0.0187263585558048	1	1	1	1	1	1	1	5.50850788033882e-05	1	1	1	1	1	1	1	1	1	1	1	0.793788744038333	1	1	1	1	1	1	1	1	1	1	1	1	1	1	1	1	1	1	1	1	1	1	1	1	1	0.00380395137474988	1	1	1	0.129151633322225
Peptoniphilus	0.118927954564504	0.00088383760789702	0	1	1	0.0135144991746697	0.547876210001198	1	0.0355976579514429	1	1	1	1	1	1	1	1	1	1	1	1	1	1	1	1	1	1	1	1	1	1	1	1	1	1	1	1	1	1	1	1	1	1	1	1	1	1	1	1	1	1	1	1	1	1	1	1	1	1	1	1	1	1	1	1	1	1	1	1	1	1	1	1	1	1	1	1	1	1	1	1	1	1	1
Lactobacillus	0.0221234721453392	0.0710456582136559	0.0178310540019798	0	1	1	1	1	1	1	1	1	1	1	1	1	1	1	1	1	1	1	1	1	1	1	1	1	1	1	1	1	1	1	1	1	1	1	1	1	1	1	1	1	1	1	1	1	1	1	1	1	1	1	1	1	1	1	1	1	1	1	1	1	1	1	1	1	1	1	1	1	1	1	1	1	1	1	1	1	1	1	1	1
Porphyromonas	0.422265038020208	0.0976138621969535	0.0398647609351937	0.0820664716960695	0	1	1	1	1	1	1	1	1	1	1	1	1	1	1	1	1	1	1	1	0.119461001714404	1	1	1	1	1	1	1	1	1	1	1	1	1	1	1	1	1	1	1	1	0.197894682817445	1	1	1	1	1	1	1	1	1	1	1	1	1	1	1	1	1	1	1	1	1	1	1	1	1	1	1	1	1	1	1	1	1	1	1	1	1	1
Anaerococcus	0.745193744625749	0.0146822772927725	3.9655220582951e-06	0.0644759856123805	0.35974824293362	0	1	1	0.000869806836196213	1	1	1	1	1	1	1	1	1	1	1	1	1	1	0.0442843154169705	1	1	1	1	1	1	1	1	1	1	1	1	1	1	1	0.613750683148165	1	1	1	1	1	1	1	1	1	1	1	1	1	1	1	1	1	1	1	1	1	1	1	1	1	1	1	1	1	1	1	1	1	1	1	1	1	1	1	1	1	1	1	1
Dialister	2.33762212922487e-06	0.000283417396359526	0.000163838579545813	0.0190109737154651	0.713304355257718	0.211092957787692	0	1	1	1	1	1	1	1	1	1	1	1	1	1	1	1	1	1	1	1	1	1	1	1	1	1	1	1	1	1	1	1	1	1	1	1	1	1	1	1	1	1	1	1	1	1	1	1	1	1	1	1	1	1	1	1	1	1	1	1	1	1	1	1	1	1	1	1	1	1	1	1	1	1	1	1	1	1
Streptococcus	0.0739201985770969	0.0389311004341587	0.209552926118748	0.343599972888316	0.631090118327666	0.618475444504275	0.154858444875988	0	1	1	1	1	1	1	1	1	1	1	1	1	1	1	1	1	1	1	1	1	1	1	1	1	1	1	1	1	1	1	1	1	1	1	1	1	1	1	1	1	1	1	1	1	1	1	1	1	1	1	1	1	1	1	1	1	1	1	1	1	1	1	1	1	1	1	1	1	1	1	1	1	1	1	1	1
Finegoldia	0.295937511961792	0.0132867313901485	1.04945925564395e-05	0.180778482045917	0.394527685916796	2.52997916287438e-07	0.126778235117263	0.485949960391093	0	1	1	1	1	1	1	1	1	1	1	1	1	1	1	0.000529343296927525	1	1	1	1	1	1	1	1	1	1	1	1	1	1	1	1.76609437746384e-08	1	1	1	1	1	1	1	1	1	1	1	1	1	1	1	1	1	1	1	1	1	1	1	1	1	1	1	1	1	1	1	1	1	1	1	1	1	1	1	1	0.0146870703187897	1	1	1
Faecalibacterium	0.0222841743646921	1.01563137954908e-05	0.0019055452845911	0.114084436853196	0.66793521304632	0.0417088361832175	0.0269360241360666	0.0495249814522707	0.0208567284350167	0	1	1	1	1	1	1	0.00396313448932318	1	0.000735154685801505	1	1	0.000104426472189762	0.00255896810037144	1	1	1	0.14175019236787	1	1	1	1	1	1	1	1	1	1	1	1	1	1	1	1	1	1	1	0.782083251362959	0.219137085594099	1	1	1	1	1	1	1	1	1	1	1	1	1	1	1	1	1	1	1	1	1	1	1	1	1	1	1	1	1	1	1	1	1	1	1	1
Campylobacter	0.0148457258409716	0.561802916461632	0.943084002925777	0.153340333739585	0.433814691929195	0.654422238562177	0.393603383413431	0.509882633089859	0.248579981653679	0.878253492696346	0	1	1	1	1	1	1	1	1	1	1	1	1	1	1	1	1	1	1	1	1	1	1	1	1	1	1	1	1	1	1	1	1	1	1	1	1	1	1	1	1	1	1	1	1	1	1	1	1	1	1	1	1	1	1	1	1	1	1	1	1	1	1	1	1	1	1	1	1	1	1	1	1	1
Gardnerella	0.142526806159452	0.0996154750979001	0.882585544474346	0.411347427482913	0.69341412129346	0.169616208508749	0.069729446038906	0.869949094819443	0.660953777966495	0.242709862461293	0.700959126330854	0	1	1	1	1	1	1	1	1.12817121675481e-06	1	1	1	1	1	1	1	1	1	1	1	1	1	1	1	1	1	1	1	1	1	1	1	1	1	1	1	1	1	1	1	1	1	1	1	1	1	1	1	1	1	1	1	1	1	1	1	1	1	1	1	1	1	1	1	1	1	1	1	1	1	1	1	1
Bifidobacterium	0.0234592361339332	0.0154771486196027	0.612659524227064	0.224423629622695	0.0159038128982552	0.409459182226625	0.916796154866341	0.128870722300382	0.721974476111274	0.00123891894982319	0.0572170185785834	0.123441969386006	0	1	1	1	1	1	1	1	1	1	1	1	1	0.0231936139313903	1	1	1	1	1	1	1	1	1	1	1	1	1	1	1	1	1	1	1	1	1	1	1	1	1	1	1	1	1	1	1	1	1	1	1	1	1	1	1	1	1	1	1	1	1	1	1	1	1	1	1	1	1	1	1	1	1	1
Fusobacterium	0.845182150825019	0.624955575613186	0.888033269187947	0.323903962370278	0.632400117074375	0.663179604011241	0.953044923133514	0.276934385673582	0.745097332976217	0.514434378647451	0.63499273486405	0.533733643255898	0.976208585005915	0	1	1	1	1	1	1	1	1	1	1	1	1	1	1	1	1	1	1	1	1	1	1	1	1	1	1	1	1	1	1	1	1	1	1	1	1	1	1	1	1	1	1	1	1	1	1	1	1	1	1	1	1	1	1	1	1	1	1	1	1	1	1	1	1	1	1	1	1	1	1
Dorea	0.0324249443432811	0.000111869013705034	0.0388811056957332	0.317642829903172	0.420477704482684	0.127453714081043	0.0864321114685885	0.324668441898945	0.13773613866222	0.34558163618622	0.608756735525279	0.285101765438947	0.0636453172922529	0.642118848687986	0	1	1	1	1	1	1	1	1	1	1	1	1	1	1	1	1	1	1	0.0476261601991686	1	1	1	1	1	1	1	1	1	1	1	1	1	1	1	1	1	1	1	0.000260283946157054	1	1	1	1	1	1	1	1	1	1	1	1	1	1	1	1	1	1	1	1	1	1	1	1	1	1	1	1	1	1
Parabacteroides	0.115436822169164	0.0265993245217755	0.211894615159629	0.459230808147243	0.488133487761131	0.194695851800255	0.154485024369943	0.548542260220538	0.380020449505928	0.877939693698335	0.84797734078194	0.408093164990225	0.398991215246972	0.587186170652058	0.503963490132761	0	1	1	1	1	1	1	1	1	1	1	1	0.00443997574495516	1	1	1	1	1	1	1	1	1	1	1	1	1	1	1	1	1	1	1	1	0.00739140225727337	1	1	1	1	1	1	1	1	0.0125050602413348	1	1	2.93650147042952e-05	1	1	1	1	1	1	5.76261095381755e-06	1	1	1	1	1	1	1	1	1	4.66738510896888e-05	1	0.000145884145499096	1	1	2.02392526821527e-05	1
Ruminococcus	0.0126792110952763	0.000304633668877296	0.00471690962757331	0.224721474717463	0.684692927993538	0.0808379402281761	0.135850390534318	0.108938399157157	0.0573032831243137	1.15813398285306e-06	0.332076486200507	0.375830266747022	0.000980498896145405	0.161898522562606	0.0574313416922944	0.720711488727823	0	1	1	1	1	1	0.0201113092206263	1	1	1	1	0.00104159651820958	1	1	1	0.474821324633535	1	1	0.00224544285512341	1	1	1	1	1	1	1	1	1	1	1	1	0.0254234690202147	1	1	1	1	1	1	1	1	1	1	1	1	1	1	1	1	0.156839742140956	1	1	1	1	1	1	1	1	1	1	1	1	1	1	1	1	1	1	1
Collinsella	0.15474102786961	0.146901931353611	0.79780072469813	0.200921027949971	0.215778188778452	0.909058875698581	0.268909135627338	0.196328315788583	0.720855028465169	0.23411380303441	0.469691561068682	0.385560229472273	0.00107023689539857	0.000351956809907489	0.430316852740762	0.103326189269391	0.090110615767375	0	1	1	1	1	1	1	1	1	1	1	1	1	1	1	1	1	1	1	1	1	1	1	1	1	1	1	1	1	1	1	1	1	1	1	1	1	1	1	1	1	1	1	1	1	1	1	1	1	1	1	1	1	1	1	1	1	1	1	1	1	1	1	1	1	1	1
Sutterella	0.155659776028954	0.00077889373202224	0.147763682699636	0.0919455326454929	0.131755902939509	0.444183900100387	0.24067868579625	0.164508209786577	0.431082934126061	2.13769899913203e-07	0.472147839665408	0.219321018460789	0.00032353507238411	0.245942065689515	0.147234807415357	0.957107743835394	0.0428220112602047	0.0138591191450773	0	1	1	1	1	1	1	1	1	1	1	1	1	1	1	1	1	0.82846484468186	1	1	1	1	1	1	1	1	1	1	1.78044905351456e-05	1	1	1	1	1	1	1	1	1	1	1	1	1	1	1	1	1	1	1	1	1	1	1	1	1	1	1	1	1	1	1	1	1	1	1	1	1
Atopobium	0.00331804317366191	0.156671097392791	0.930679831021993	0.239386104055127	0.939570019389896	0.692368269718183	0.00360356691546281	0.369425756587654	0.425537905071526	0.182975077934468	0.685269612977161	3.2502772018289e-10	0.281647316711142	0.85898154822103	0.554356624993529	0.752081709638625	0.169026141858805	0.292131859310412	0.283542014003287	0	1	1	1	1	1	1	1	1	1	1	1	1	1	1	1	1	1	1	1	1	1	1	1	1	1	1	1	1	1	1	1	1	1	1	1	1	1	1	1	1	1	1	0.232409310931615	1	1	1	1	1	1	1	1	1	1	1	1	1	1	1	1	1	1	1	1	1
Clostridium	0.245420474245411	0.158005655438076	0.304363639706747	0.635760067769745	0.0720889796041909	0.475285406729169	0.195033400288943	0.193113965243732	0.196121621582497	0.991163447322263	0.941252754218424	0.898148654445622	0.674604821322448	0.528489948401513	0.0311799878172155	0.633395760457896	0.0259220658129557	0.881764913765084	0.536598827880582	0.621961404904966	0	1	1	1	1	1	1	1	1	1	1	1	1	1	1	1	1	1	1	1	1	1	1	1	1	1	1	1	1	1	1	1	1	1	1	1	1	1	1	1	1	1	1	1	1	1	1	1	1	1	1	1	1	1	1	1	1	1	1	1	1	1	1	1
Lachnospira	0.108684048251882	0.0029193458444505	0.0538157141738336	0.288070356538389	0.874296066676861	0.14313413369527	0.0221459201064919	0.160959847663726	0.136034109975766	3.02422450592998e-08	0.286418688595043	0.545103873462173	0.12478094700236	0.299558365067844	0.963903038954734	0.970337951324458	0.000455261025086813	0.623436189971403	0.183019740733816	0.3260711059288	0.814506296929037	0	1.56245199615838e-06	1	1	1	0.470716686976655	1	1	1	1	0.25172778090994	1	1	1	1	1	1	1	1	1	1	1	1	1	1	1	0.0309030355803738	1	1	1	1	1	1	1	1	1	1	1	1	1	0.0494676785681255	1	1	1	1	1	1	1	0.0305326441731995	1	1	1	1	1	1	1	1	1	1	1	1	1	1
Coprococcus	0.143632651977809	0.0159308111599545	0.0118054845963028	0.170464390599739	0.687993654863423	0.148887309062178	0.223973599273945	0.116079231061868	0.168068896317677	7.4692589035944e-07	0.42917742629324	0.37580545041275	0.00687977035548141	0.484740929284517	0.134145434056611	0.447590101489733	5.9133517261471e-06	0.422512155561556	0.238404594490541	0.36834132582295	0.731147331413347	4.50404149944762e-10	0	1	1	1	1	0.479897095187156	1	1	1	0.0144054212673675	1	1	0.0485721382411093	1	1	1	0.0100519973880012	1	1	1	1	1	0.038402184119578	1	1	0.000460111582646189	1	1	1	1	1	1	1	1	1	1	1	1	1	1	1	1	1	1	1	1	1	1	1	1	1	1	1	1	1	1	1	1	1	1	1	1
Corynebacterium	0.917272912581523	0.0432438617096403	0.00282689611030391	0.328031659218537	0.719794944248776	1.3063219887012e-05	0.949792276760995	0.0697251049743954	1.53878865385909e-07	0.047845265167062	0.321919143106991	0.144586118275402	0.284349239224388	0.732233752603003	0.187758315446801	0.551285619412839	0.0861144776711077	0.898112351227746	0.710668861937634	0.996274045099385	0.742003641502017	0.26876610902296	0.173680856621784	0	1	1	1	1	1	1	1	1	1	1	1	1	1	1	1	9.26593028713309e-06	1	1	1	1	1	1	1	1	1	1	1	1	1	1	1	1	1	1	1	1	1	1	1	1	1	1	1	1	1	1	1	1	1	1	1	1	1	1	1	1	1.87691438077455e-05	1	1	1
Mobiluncus	0.0370173529242379	0.0899196422067845	0.39219154913778	0.400486262483842	3.54063431281578e-05	0.500236076378478	0.238441866406094	0.75090868752679	0.342623997572306	0.0857469858070275	0.401161935765495	0.994937269063033	0.0963338745338505	0.63260858927477	0.561508556741573	0.461310520640807	0.0939377518962463	0.180850546953233	0.106528077015855	0.651511735372502	0.160800495724852	0.181750449770555	0.121755143208312	0.611934823402549	0	1	1	1	1	0.0601322937484697	1	1	1	1	1	1	1	1	1	1	1	1	1	1	1	0.00393889832923343	1	1	1	1	1	1	1	1	1	1	1	1	1	1	1	1	1	1	1	1	1	1	1	1	1	1	1	1	0.000403844135625879	1	1	1	1	1	1	1	1	1
Blautia	0.0284293289793862	0.00533287395203227	0.176576153534004	0.0730789723857069	0.247479530201624	0.651110094781712	0.888480746798052	0.134379522350626	0.941366519384756	0.117088642719348	0.465828361049517	0.120739074161211	6.82165115629127e-06	0.53553898914295	0.437140326292732	0.192285714665738	0.0588120846657068	0.00462095347108633	0.111261662008204	0.29301921001592	0.738091150469201	0.236685529991361	0.142807959950286	0.300385292468977	0.0619020181806685	0	1	1	1	1	1	1	1	1	1	1	1	1	1	1	1	1	1	1	1	1	1	1	1	1	1	1	1	1	1	1	0.0315661449098976	1	1	1	1	1	1	1	1	1	1	1	1	1	1	1	1	1	1	1	1	1	1	1	1	1	1	1
Roseburia	0.0725960085804342	0.000648967057299594	0.305961737309992	0.153676914061809	0.740460985554529	0.535123393441748	0.0566512593986525	0.219719209390573	0.211410287259158	4.203742359664e-05	0.588032309445299	0.259695143456728	0.503982279720465	0.725898344522338	0.893377065223687	0.948276910140802	0.000991107258694511	0.287498015440281	0.0100508650394852	0.317744615485435	0.545491043702613	0.000140554400411064	0.00874521518552816	0.703969339540262	0.105782568487273	0.0196840315298796	0	1	1	1	1	1	1	1	1	1	1	1	1	1	1	0.199445125805448	1	1	1	1	1	1	1	1	1	1	1	1	1	1	1	1	1	1	1	0.0186716047527747	1	1	1	1	1	1	1	1	1	1	1	1	1	1	1	1	1	1	1	1	1	1
Oscillospira	0.014222323651348	1.2590841363215e-06	0.00102561061649888	0.0765140623837261	0.566606694375919	0.00369700020959069	0.0492401867232437	0.13759114737964	0.0247550581500578	0.000613013996720885	0.989370416210602	0.195778373698821	0.0240608179664644	0.204491705223842	0.000435146135910966	1.29861823485088e-06	3.03142176428864e-07	0.0938608173701101	0.127262992513635	0.526670627951864	0.149701749508799	0.0528761188167965	0.000143381265368137	0.0692222884798473	0.290491368352854	0.126690021941409	0.145394933783342	0	1	1	1	1	1	1.47448457963131e-06	0.877336563199935	1	1	1	1	1	1	0.261808651305251	1	1	0.806471141295824	1	1	0.170861366370931	0.0533427819704271	1	1	1	1	1	1	1	1	1	1	1	1	1	1	1	1	1	1	1	1	1	1	1	1	1	1	1	1	1	1	0.00156896395490094	1	1	1	1
Actinomyces	0.663100879158158	0.117928018005314	0.646212793208359	0.721041489084057	0.263010267505436	0.195688568898742	0.883025116990447	0.0194950624694269	0.893425709613557	0.186560988400168	0.68787069550298	0.00732399597961553	0.177816089063291	0.426135471988533	0.303359365109151	0.635477652251094	0.239162896422306	0.21547707201708	0.0976460029619677	0.752088049268618	0.643647548780787	0.47054481381131	0.43374852718659	0.0253141150129416	0.113182840531061	0.144334742342137	0.150414171081793	0.24180153128481	0	1	1	1	1	1	1	1	1	0.730174789555355	1	1	1	1	1	1	1	1	1	1	1	1	1	1	1	1	1	1	1	1	1	1	1	1	1	1	1	1	1	1	1	1	1	0.179484279129102	1	1	1	1	1	1	1	1	1	1	1	1
Sneathia	0.48141286300969	0.252128589080725	0.917429461505706	0.601461158403771	0.0196717693373851	0.615801979257053	0.397458955683791	0.488704750173776	0.778168402870071	0.367639516189239	0.424797963716301	0.324450015395457	0.314975813374858	0.3072349957678	0.504925770996862	0.664453998628103	0.388837947882862	0.506755033057237	0.245346389884589	0.421394555888835	0.405931935703421	0.435119053521661	0.497501086893441	0.661603538484718	1.77853575121176e-05	0.331932589439025	0.503421413450698	0.329076534703403	0.829892551407837	0	1	1	1	1	1	1	1	0.0494148681723867	1	1	1	1	1	1	1	0.00716120113967818	1	1	1	1	1	1	1	1	1	1	1	1	1	1	1	1	1	1	1	1	1	1	1	1	1	1	1	1	2.68673941765396e-10	1	1	1	1	1	1	1	1	1
Peptostreptococcus	0.0300042558843985	0.25383696978412	0.995670880833416	0.321614023772503	0.474822227112746	0.127202658519885	0.934687710498412	0.667694841451308	0.9431384870756	0.485139675584339	0.643994780585402	0.924859737583447	0.393995511553201	0.723003664039901	0.349488722922198	0.504273960173663	0.238487158784401	0.664338346432508	0.671390413801601	0.731799777539095	0.999923633174064	0.957456384720414	0.77225953059425	0.316328270661078	0.0160540807568092	0.250922754575036	0.912717030359492	0.329947057096604	0.299759296936753	0.713064875915046	0	1	1	1	1	1	1	1	1	1	1	1	1	1	1	1	1	1	1	1	1	1	1	1	1	1	1	1	1	1	1	1	1	1	1	1	1	1	1	1	1	1	1	1	1	1	1	1	1	1	1	1	1	1
Megamonas	0.455562925397766	0.333121196028357	0.121393109186855	0.562313823252133	0.379979622929947	0.174903520443695	0.61005183851528	0.432978827930458	0.254821626537874	0.00102982652481865	0.883494102547314	0.773173003600076	0.101305743324711	0.50720782172278	0.594801865880635	0.908398161729363	0.0001418223789228	0.612984793840232	0.538764740641648	0.513902279560076	0.721631489641071	7.49636036062953e-05	4.22942491701922e-06	0.385487601214355	0.436489360425946	0.84066641509845	0.205497341080232	0.00833124036890666	0.537159870670931	0.623281544109902	0.863976387542475	0	1	1	0.00759085171393573	1	1	1	1	1	1	1	1	1	1	1	1	0.00220028639075915	1	1	1	1	1	1	1	1	1	1	1	1	1	1	1	1	0.185664703654967	1	1	1	1	0.209497635287373	1	1	1	1	1	1	1	1	1	1	1	1	1	1
Phascolarctobacterium	0.010125939817718	8.410021286078e-12	0.099579464551252	0.144867780655906	0.242617519809748	0.24910378936512	0.00974427751018188	0.267544385640661	0.289497927376469	0.226518277350259	0.772959932122806	0.166687812288889	0.608316852092528	0.267540474539936	0.0160071559577853	0.0675479179647551	0.0184276525623265	0.396531079419745	0.83195268138166	0.208706150237582	0.136653085075429	0.396281503871234	0.384256133824212	0.21901604313314	0.162241334546594	0.00157775081076161	0.0376201481664305	0.00115613342357034	0.254334064060538	0.398437054291839	0.12160590672385	0.644761919093827	0	1	1	1	1	1	1	1	0.333595017205827	0.000121610358405466	1	1	1	1	1	1	1	1	1	1	1	1	1	1	1	1	1	1	1	1	1	1	1	1	1	1	1	1	1	1	1	1	1	1	0.386509209337447	1	1	0.00208763908716062	1	1	1	6.08602380273112e-05
Bilophila	0.109899896189266	5.50289701904342e-06	0.00752464584208917	0.0701996025763603	0.550985059420259	0.0168438566915254	0.152841462992123	0.320305358688551	0.0214886924220142	0.00415687854515076	0.732015659587827	0.349415221259605	0.310428883952541	0.705518950252613	1.40531602830241e-05	0.00255331039553975	0.00693492999238727	0.28225764241188	0.0150890851432569	0.623883339081537	0.561236093384381	0.29165394334881	0.14634015832314	0.0420155576063536	0.335498228029066	0.449836646408596	0.272075335715786	4.24923509980203e-10	0.137348204803784	0.801210084503895	0.292849880508828	0.02328309218431	0.0264817995234434	0	1	1	1	1	1	1	1	1	1	1	1	1	1	1	1	1	1	1	1	0.00226248682751096	1	1	1	1	1	1	1	1	1	1	1	1	1	1	1	1	1	1	1	1	1	1	1	1	1	0.0101483009592976	1	1	1	1
Akkermansia	0.21154800682566	0.711926360789162	0.161034807490825	0.684605803090539	0.315936445449793	0.352973412650272	0.221355695347335	0.528444416879752	0.484634776694074	0.0387256938405091	0.683391613542903	0.824293265447702	0.0045197103532278	0.594158372856016	0.449602655534438	0.665055990192272	6.55030004411731e-07	0.481502435227135	0.665828361310461	0.72049580587693	0.83337187029145	0.234879787957807	1.4336522503279e-05	0.591226308247566	0.453931573399923	0.774957022209249	0.913801268334442	0.000263227291689149	0.958655840586227	0.711697323474867	0.571711307380971	2.22344807086577e-06	0.991424464766173	0.356076150133948	0	1	1	1	1	1	1	1	1	1	1	1	1	0.313981919361742	1	1	1	1	1	1	1	1	1	1	1	1	1	1	1	1	2.90539122152837e-09	1	1	1	1	1	1	1	1	1	1	1	1	1	1	1	1	1	1	1
Megasphaera	0.941935157626792	0.716369870769861	0.461977321698995	0.666799891386989	0.990317447092285	0.244775578091199	0.825917455593958	0.385919938887176	0.881666877606476	0.168025806693776	0.306873777731186	0.837503186875756	0.0883534040711645	0.010263190501432	0.54866928866882	0.643709900884768	0.463846622721817	0.00229954868290646	0.000248489755453467	0.687088568158098	0.737862340011374	0.338849420220987	0.361962659346416	0.818571051767342	0.22459599506356	0.360589089950778	0.301639757233848	0.97022377393919	0.830717183394291	0.564643534291633	0.949991825474979	0.692145086801833	0.14146512557562	0.20383234076368	0.638708009779804	0	1	1	1	1	1	1	1	1	1	1	1.69206120915944e-05	1	1	1	1	1	1	1	1	1	1	1	1	1	1	1	1	1	1	1	1	1	1	1	1	1	1	1	1	1	1	1	1	1	1	1	1	1
Veillonella	0.0344096165008222	0.191301247256478	0.458910755959112	0.502352720833084	0.175862196876203	0.308033417682366	0.220393240767575	0.0066368196608083	0.476413190883397	0.280584700256429	0.877567538185515	0.442506063889825	0.463723653906716	0.797493979931099	0.476190807010424	0.681242138301669	0.360889655525552	0.900689744470433	0.881901060282195	0.419731460147535	0.37884122280708	0.42483621810447	0.382557074812451	0.0591149368234767	0.328747441821777	0.388860862277545	0.628531752351414	0.189132536321945	0.917652908073731	0.849639701960776	0.0147539241750441	0.830772971709049	0.305199344008259	0.36217768972696	0.62288087748432	0.40783190810009	0	1	1	1	1	1	1	1	1	1	1	1	1	1	1	1	1	1	1	1	1	1	1	1	1	1	1	1	1	1	1	1	1	1	1	1	1	1	1	1	1	1	1	1	1	1	1	1
Parvimonas	0.633626190445346	0.253703828781559	0.903142443698962	0.556563069889619	0.00997368042301985	0.171244066610968	0.934050440081503	0.988651624389167	0.826001692905655	0.407728615953576	0.978719728060782	0.00615840417156941	0.415628782431505	0.0537963150884535	0.348788142392183	0.499238935570913	0.304725261639481	0.347656022189823	0.300337362618661	0.65904446730231	0.340989675807379	0.626457349081268	0.45080544087035	0.146185392434123	0.000541831546680869	0.302006734371575	0.273394273365947	0.178547600303117	0.000218615206453699	1.45938771920811e-05	0.477629892081031	0.660714771201571	0.282814108889613	0.152013904058453	0.984823367327706	0.673312054079388	0.467746242491451	0	1	1	1	1	1	1	1	0.002831100506286	1	1	1	1	1	1	1	1	1	1	1	1	1	1	1	1	1	1	1	1	1	1	1	1	1	1	1	1	5.04192748894828e-05	1	1	1	1	1	1	1	1	1
Desulfovibrio	0.447349985273653	0.17550605832592	0.0672898597303822	0.473470662020586	0.848692059726514	0.208895829409737	0.703009251668262	0.599559215824553	0.264446932674206	0.0568803011043066	0.828275963314455	0.426680612014038	0.0485313449142148	0.345275854766357	0.00249235770562957	0.258271164905355	0.0287226656685417	0.901385602592455	0.869835247270763	0.995445828450906	0.766682755114004	0.179184817237265	2.94607191910938e-06	0.443065952724473	0.454030464866074	0.810313250477019	0.770663148084454	0.00933956801256009	0.786455123177132	0.61138753808012	0.817717015775847	0.529529187219688	0.327007971386319	0.951015563600615	0.00116084375618594	0.438684579221711	0.48155071035977	0.591654506373146	0	1	1	1	1	1	8.4216328591431e-06	1	1	1	1	1	1	1	1	1	1	1	1	1	1	1	1	1	1	1	1	1	1	1	1	1	1	1	1	0.000881022361103039	1	2.88711532871161e-05	1	1	1	1	1	1	1	1
Delftia	0.817744979234712	0.117091413629438	0.000511332474683124	0.272026008115575	0.317913644356774	0.000183702688760301	0.543274020272005	0.0988559097161546	5.0852127194467e-12	0.115612446693812	0.22374235875218	0.879925051534834	0.665484479660493	0.870675094597271	0.943077586241988	0.409598762498529	0.208235862438975	0.745364263431489	0.962747514672544	0.953381076030735	0.293441797101174	0.300405464006633	0.138459826026264	2.67415015501677e-09	0.411392702782805	0.947458526443896	0.364886512740294	0.155325166212359	0.944307322900531	0.319133155967867	0.748702461215356	0.409464948237113	0.229643253585349	0.350865530921349	0.635653960702695	0.629166765245486	0.231812349937781	0.617002783878667	0.292896969828895	0	1	1	1	1	1	1	1	1	1	1	1	1	1	1	1	1	1	1	1	1	1	1	1	1	1	1	1	1	1	1	1	1	1	1	1	1	1	1	0.746370696871049	1	0.0114859957787325	1	1	1
Anaerostipes	0.0485474258481456	0.000318490350161375	0.229615123195767	0.328726891117686	0.551813079658149	0.429414312583518	0.0556826823351659	0.184413950478995	0.598407155601919	0.0317702290967429	0.241138021104183	0.373666455627574	0.116801448950263	0.209419597029584	0.35142505959951	0.293711040400658	0.0130881727973625	0.764710899907878	0.568000621147319	0.475416588251477	0.957333907237163	0.0471927283185046	0.000545682993497077	0.441435101357121	0.44318797390551	0.113045720965046	0.109824305605748	0.0095684893718669	0.482460305112644	0.565316215466231	0.291924888275755	0.291081745441429	9.94915052805925e-05	0.366000697408163	0.0557334800141009	0.343645861349863	0.483603956003653	0.403643922230092	0.00748342033264416	0.293023752481148	0	1	1	1	1	1	1	1	1	1	1	1	1	1	1	1	1	0.00429308371579527	1	1	0.049286014015702	1	1	1	1	1	1	0.201380700027031	1	1	0.0139267990066874	1	1	1	1	1	0.257855287817463	0.0904293868756707	1	1	1	1	0.15786602967006	1
Butyricimonas	0.0485270848743993	1.59435828663931e-08	0.00310591812756564	0.224941636019495	0.429139911367403	0.0092403695629268	0.0316230681242611	0.27052296466329	0.0375337322967478	0.000395291737027196	0.980782160420336	0.14279518372423	0.628862671435203	0.135683334009596	0.0534844145488739	0.166526689144668	0.000377898268434584	0.532023680154304	0.517314960020801	0.413027816715262	0.441035238913018	0.00633088319002697	0.00257931232056428	0.184075298505414	0.16312587357245	0.0971638187205276	5.92880873381235e-05	7.80121130230187e-05	0.356599461006218	0.447566281823476	0.347076370880312	0.0667891133032978	3.52289566643875e-08	0.00670592548222148	0.352868995533301	0.557562277573049	0.337907141646882	0.259093439883645	0.00154914835424416	0.0882839633550352	0.00782184395588571	0	1	1	0.00144345497955303	1	1	1	1	1	1	1	1	1	1	1	1	1	1	1	1	1	1	1	1	1	1	1	1	1	1	1	1	0.112067212099487	1	1	0.537363334329839	1	1	1	1	1	1	0.0198779669749753
Gallicola	0.155380338796543	0.473398674398074	0.0466222513854609	0.737717530770094	0.197708525135038	0.000350986950612618	0.473146957695316	0.993816163515385	0.0449933401363048	0.938455795112571	0.427532713191308	0.606915880175021	0.95880000316191	0.88100537036422	0.578628173835442	0.692532960328593	0.893119961500291	0.846712113144745	0.739494136266925	0.436327293875192	0.606347351494501	0.703742398503413	0.587889284803954	0.0258470976551782	0.901089323918021	0.635668462529058	0.870839280691395	0.456827241831776	0.714723746661214	0.703248030073761	0.533894680940645	0.62936375739209	0.450072059671123	0.422313167338697	0.729214109772118	0.737775035228041	0.627285089072766	0.873867239918033	0.936522464338478	0.0342372110316856	0.99710005306688	0.583394883269039	0	1	1	1	1	1	1	1	1	1	1	1	1	0.309044083687444	1	1	1	1	1	1	1	1	1	1	1	1	1	1	1	1	1	1	1	1	1	1	1	1	1	1	1	1
Moryella	0.984391607217811	0.592707162546878	0.889863940793623	0.650408966441373	0.391352575412847	0.704435430459264	0.895514204708285	0.258346660527001	0.334052581605282	0.775926398788816	0.827962031840656	0.69458656633295	0.447410003135913	0.831555831752276	0.870954725550175	0.802321567868836	0.938773604665464	0.659601292095093	0.269954243533397	0.761239197919387	0.299983154032027	0.256294909751863	0.277255270693351	0.433795363703516	0.832946764398533	0.149172432265669	0.918766619273616	0.708651873999583	0.693341194245652	0.821762013087564	0.447279382106314	0.468132003499947	0.390352298249552	0.996235276431225	0.895809215267003	0.898374258149326	0.469718102395241	0.668250510740663	0.597203670966129	0.133989211743866	0.904388430760427	0.732366563218063	0.896382942383804	0	1	1	1	1	1	1	1	1	1	1	1	1	1	1	1	1	1	1	1	1	1	1	1	1	1	1	1	1	0.00635273456767005	1	1	1	1	1	1	1	1	1	1	1
Odoribacter	0.136622270618006	0.000793310195964976	0.0279551553369778	0.268539238442169	0.568989914916745	0.069090337128168	0.0924860749579308	0.410933653266093	0.173123106967863	0.0146462606431542	0.162700751624105	0.308083027857721	0.414380705524638	0.159637215326349	0.004041406092676	0.152084376160093	0.0360250969319067	0.778781875568964	0.992602912289299	0.88711088826791	0.19918223421664	0.0384210108498566	1.13247372809136e-05	0.355471917988398	0.29963042948449	0.339671001468886	0.0830553356914355	0.00024174794403352	0.845514954750967	0.474959970718896	0.468953201256684	0.873508759575479	0.000839056934613489	0.450082311843524	0.0862053179599473	0.205561763059568	0.310541931861956	0.419415216602669	2.42978443714458e-09	0.176247417535657	0.00184175212878503	4.20464602258384e-07	0.596679776188004	0.538382851838249	0	1	1	1	1	1	1	1	1	1	1	1	1	1	1	1	1	1	1	1	1	1	1	1	1	1	1	1	1	3.24520837569786e-05	1	0.00537200522015105	0.00146342003057004	1	1	1	1	1	1	1
Peptococcus	0.705567791084928	0.0799853094421106	0.628366548845664	0.52182787743358	5.88097125757638e-05	0.260570316801381	0.422993123567615	0.478664511411875	0.872843603016906	0.192170318610228	0.778571789961618	0.116673885415483	0.195408520930848	0.140011714685752	0.402216023917139	0.480451632463099	0.285747637604228	0.3738362299903	0.136394450781667	0.15456956220845	0.45925755956061	0.292346149450656	0.543312580236561	0.904251451242783	1.15071525832119e-06	0.200847397346923	0.424209653721253	0.150667309963695	0.0166291911767541	2.09637035704865e-06	0.470946263272955	0.533895350477678	0.245841549460466	0.106089589968502	0.75758757962621	0.244682890377236	0.492754920406696	8.26598687966714e-07	0.689249190985853	0.248384926672082	0.506454772129215	0.310279871108361	0.414100175161295	0.687622963361386	0.466475413839587	0	1	1	1	0.206492237004348	1	1	1	1	1	1	1	1	1	1	1	1	1	1	1	1	1	1	1	1	1	1	1	1	0.00017398544905046	1	1	1	1	1	1	1	1	1
Mitsuokella	0.435286739252395	0.117652020596742	0.173614232895953	0.760373453792559	0.22330850701087	0.293799259049143	0.629885362230377	0.589146605835846	0.459228744557827	0.000234296959665356	0.442332533175241	0.472736115279057	0.0212410460416401	0.920108682068838	0.391713990971609	0.987287957832935	0.70788904034543	0.199514244501425	5.1413486962592e-09	0.611965607564322	0.583118337005201	0.834654394775489	0.798588051255259	0.593922141035838	0.494750599723538	0.904579417326243	0.698867030321315	0.295546869139142	0.566385379481112	0.790999425940611	0.491354020401529	0.722205117687819	0.475514204562746	0.0184057406571789	0.798276909701209	4.88470325969815e-09	0.720099061243029	0.674391431642673	0.719983806007229	0.922780694450829	0.873391630098762	0.789045759213368	0.760761457350421	0.696997671984278	0.759397266359873	0.619251895877197	0	1	1	1	1	1	1	1	1	1	1	1	1	1	1	1	1	1	1	1	1	1	1	1	1	1	1	1	1	1	1	1	1	1	1	1	1	1
Paraprevotella	0.16928865820339	0.0255706772529751	0.0463826553945457	0.358382670881968	0.22161686988221	0.0788564801742009	0.477310914322279	0.217831082445717	0.403263247895089	6.52193707125295e-05	0.968029592560814	0.571881594743041	0.0257234560899766	0.191847598283297	0.422268580366487	0.778124846757778	7.47969079735648e-06	0.539449375817765	0.137361732776273	0.55368004636735	0.147972650433625	9.09983379869665e-06	1.33714496555126e-07	0.207176635098715	0.350602533130462	0.618507972428215	0.101086583886236	5.07157513716031e-05	0.548288703876953	0.506691387923212	0.590547142953625	6.41669988556184e-07	0.724813306308482	0.0292390250989543	9.36141679671264e-05	0.699900066843597	0.374527032431683	0.785859842905409	0.29352718912676	0.236076833631761	0.261830240413869	0.0706923547727985	0.605824548023409	0.925447634099747	0.00580738594352223	0.315920784349189	0.864515011388994	0	1	1	1	1	1	1	1	1	1	1	1	1	1	1	1	1	1	1	1	1	1	1	1	1	1	1	1	1	1	1	1	1	1	1	1	1
Escherichia	0.898313672556692	0.0817376343672217	0.0829090446852526	0.339549260331212	0.598360001722543	0.0548117877386866	0.0433615173107223	0.549089440393217	0.131424253519936	0.570194236956809	0.128530757065107	0.581896903849363	0.985708831614154	0.43880368668111	0.423534041118375	2.16439304751782e-06	0.962780203464343	0.183748986301016	0.981013748820197	0.608578533390407	0.441850521009191	0.90252900473105	0.890200187564355	0.405888367073514	0.366084292131646	0.769085455273628	0.508795600967872	1.57678929856421e-05	0.944151982799006	0.612074044404051	0.0246001051519344	0.656180027508668	0.28150625854326	0.00168173362901812	0.821815431408202	0.566708073174938	0.493168736101164	0.507290488380096	0.813187890902221	0.517064092918603	0.83565964075068	0.300381805931149	0.439643664679592	0.460142142210703	0.201905130689582	0.378709923917863	0.746684580773496	0.29476802265877	0	1	1	1	1	1	1	1	1	1	1	1	1	1	1	1	1	1	1	1	1	1	1	1	1	1	1	1	1	1	1	1	1	1	1	1
Arcanobacterium	0.151213733530137	0.244814911066426	0.927609915282157	0.412327546795918	0.0337553752126637	0.376103299716729	0.538886758891062	0.54397421975321	0.946543378121066	0.375804457188123	0.159835375068826	0.648830165784708	0.172101307638658	0.347201594008392	0.780738657927048	0.521095356602255	0.662256367516369	0.792732125373533	0.50754295949696	0.802418595731046	0.685766185601857	0.591040439857631	0.597832814607447	0.529225556467705	0.0222784922506353	0.849399740763999	0.982839617379765	0.28564919432984	0.933844133251768	0.000636375817352983	0.611553055962974	0.467882220164335	0.856709508068622	0.531421886531292	0.691109293109436	0.824910796443175	0.634466891433273	0.00796951323992654	0.481243436956525	0.242898088157877	0.873021809367421	0.393605118753099	0.637040236188365	0.001500487555731	0.536013087002775	6.14194637133694e-05	0.64733861633878	0.345364256930408	0.337192094353884	0	1	1	1	1	1	1	1	1	1	1	1	1	1	1	1	1	1	1	1	1	1	1	1	1	1	1	1	1	1	1	1	1	1	1
Haemophilus	0.273032388123266	0.233361723387919	0.731610748834941	0.378800167500736	0.24529511067666	0.471025443956865	0.0703953682368179	0.263969446202296	0.271228567106956	0.988145358857071	0.800859432311786	0.47124535229267	0.886791081694388	0.62288431220043	0.44738400527987	0.00436738332451317	0.898659626326334	0.61885077696712	0.387539314432514	0.656508345923934	0.356255283263034	0.713018814532084	0.920279483945385	0.0136557673579206	0.31710261058839	0.588038004346181	0.191927685783589	0.198648853952291	0.736281329739297	0.500481233373497	0.964056563223906	0.966554596793177	0.190779526476275	0.529269635994663	0.540162596319973	0.219573656756632	0.144109785272914	0.441593387702833	0.735752531889029	0.540932041232113	0.00259094288608345	0.93367796489606	0.979258524948358	0.52791642809705	0.866322452009384	0.434093904701485	0.635231969526869	0.977440669509052	0.169347426797837	0.369827390294932	0	1	1	1	1	1	1	0.000307984737284827	1	1	0.000212123110534736	1	1	1	1	1	1	0.000387927412247082	1	1	1	1	1	1	1	1	1	0.000378257128421339	1	1	1	1	0.000443239641145713	1
Bulleidia	0.235881356598054	0.441409006230731	0.797717131347981	0.728362920754058	0.466388427600569	0.33512496752651	0.0965636625939578	0.447023029014677	0.392487860187326	0.637482536759998	0.242608949801241	0.543361840821531	0.943278267387472	0.682508697096548	0.406538724937359	0.704254115832297	0.986222354873605	0.624623086225758	0.628741581853853	0.911070916167983	0.745653989235814	0.797594606819742	0.875628632263427	0.579289174522476	0.365079816960641	0.273707494999296	0.361507894254081	0.858254372897922	0.437054124123324	0.923809706589007	0.445654299518313	0.256985971910447	0.278020506786736	0.636058537544473	0.448513051225333	0.312330835715957	0.970766440955271	0.835432674626412	0.875578232757181	0.880903659840481	0.668996082656986	0.655043458024111	0.875997062682289	0.901432124511281	0.400102756185189	0.739441013430249	0.749075227489075	0.838647823113221	0.323909959914371	0.454771455001724	0.44933366803189	0	1	1	1	1	1	1	1	1	1	1	1	1	1	1	1	1	1	1	1	1	1	1	1	1	1	1	1	1	1	1	1	1
Catenibacterium	0.221314862050963	0.464029430846731	0.946789233758807	0.726538612254278	0.111571038976462	0.846040447346472	0.265552841911457	0.562823893658384	0.715182702143215	0.735551352736201	0.508896913069978	0.90710080098726	0.865779649247952	0.681292248867932	0.864263829909168	0.943135521412452	0.588193900790174	0.767755319019821	0.758442233832037	0.680207956660969	0.188589078848816	0.0450699625323301	0.111954584746944	0.92199127884149	0.898795693536426	0.847442180282682	0.983166914397314	0.881993642920725	0.737721943992389	0.828465219159442	0.651462217112307	0.872996916875509	0.479179502203724	0.818518369267898	0.869013745067554	0.671292865183245	0.739107504471808	0.871721151234864	0.66707541222937	0.906987883695752	0.234393028689948	0.684245312703764	0.99978959812565	0.797191034861775	0.903905806998052	0.716864784431698	0.863625170620366	0.769959444553563	0.794379058308326	0.74158072265681	0.671946228297213	0.793843044822803	0	1	1	1	1	1	1	1	1	1	1	1	1	1	1	1	1	1	1	1	1	1	1	1	1	1	1	1	1	1	1	1
Eggerthella	0.0274671768226969	0.00023787496075467	0.410454151753146	0.184255663961394	0.278497645834033	0.188191610310445	0.492206215714707	0.48620295299562	0.439956663811797	0.30688386545366	0.918375666426789	0.230864386796441	0.0507535182726168	0.800818665601609	7.54883834562223e-08	0.00117894922615458	0.958969710231444	0.522698974923927	0.0712978275719088	0.719239312345181	0.37051876063067	0.598060488215742	0.905830599745249	0.30887373205541	0.303161322504997	0.0608721970725377	0.705515590471541	0.000468963823691651	0.191795395850743	0.712859348448811	0.130653369103339	0.365056124694249	0.0134305442593669	6.6019458054011e-07	0.86347938899755	0.34414792315758	0.567716874298139	0.285555375646504	0.245612762047555	0.521356640958445	0.221449824027692	0.281393650389043	0.44388791456103	0.319006165765537	0.191081802086878	0.16605172847676	0.0818738747531894	0.43350426439576	0.082109178968452	0.381983366598664	0.388856363412075	0.530375443867696	0.500962222039493	0	1	1	1	1	1	1	1	1	1	1	1	1	1	1	1	1	1	1	1	1	1	1	1	1	1	0.808155421239545	1	1	1	1
Staphylococcus	0.216534883312451	0.223678701354149	0.291083239217655	0.730299451076741	0.0901768545594779	0.640953098833878	0.672357905130766	0.000695511667132928	0.00405291564612312	0.208285945301433	0.365484157223521	0.459761975879362	0.761399832934382	0.382728149130724	0.450937956325362	0.628844810796497	0.387974042542145	0.539866558909978	0.569809127218679	0.853292122957317	0.445763667120859	0.40668566115592	0.37635466686805	0.0344702868851349	0.293239588035484	0.982749971103433	0.237427149142288	0.44941820105023	0.925318064354594	0.617262157589609	0.299698517798584	0.604971207614044	0.918026543869499	0.405319655126347	0.736081753657943	0.941063173081374	0.607562685927643	0.461497404467353	0.837412180197543	0.0236052915545635	0.731264408849644	0.668013169239054	0.732162642525352	0.497245083720854	0.697793065705129	0.505271494736377	0.755685025569048	0.711270095025381	0.775599228430227	0.76390514068935	0.00643940054689637	0.551007317255347	0.822551718437029	0.567066024673376	0	1	1	1	1	1	1	1	1	1	1	1	1	1	1	1	1	1	1	1	1	1	1	1	1	1	1	1	1	1
Varibaculum	0.988997165520452	0.479563941705793	0.0689996664312334	0.312747604774157	0.0253783938494804	0.188179242885895	0.703123410710919	0.854042023587128	0.43908233393469	0.867001411056559	0.00103646078568138	0.520441704696483	0.39908331349541	0.473425962660496	0.570739088682586	0.507873533891826	0.277532722086616	0.312810938709238	0.769967022407053	0.980666332490098	0.995562917873876	0.321802922580722	0.271695180717924	0.544065367973742	0.408992057113677	0.664713797108782	0.512433437533219	0.448174407783427	0.977256581910696	0.925473346581781	0.922989950415905	0.374044096801471	0.660857156243613	0.202627890502323	0.644627401007872	0.392497176164586	0.527232858722699	0.542861394698268	0.985218710725292	0.301580000601789	0.617470192498849	0.462836151562039	9.21144809798641e-05	0.307967710026522	0.328835687253943	0.287229578586297	0.547692221428185	0.599831396302287	0.943319775463224	0.620924952349847	0.809792524711294	0.631289348470693	0.603439614064664	0.869494594738649	0.891105859747551	0	1	1	1	1	1	1	1	1	1	1	1	1	1	1	1	1	1	1	1	1	1	1	1	1	1	1	1	1
Pseudomonas	0.382983817546434	0.355761278191712	0.00176868817982177	0.859151991069653	0.794951422689835	0.627717546782264	0.0465502185210965	0.527675021971341	0.540859524486808	0.391929066696037	0.480379416401638	0.647897346271302	0.0256938277452993	0.450131997567831	0.562427067254428	0.73131181122952	0.394378621255569	0.539478952266313	0.327220155976784	0.938788241468654	0.135341837414717	0.466713598182961	0.517650886049805	0.831770490017521	0.767921425675707	9.29783355225261e-06	0.58971509775167	0.357600320020278	0.550975454431113	0.854177157228678	0.573226126771517	0.632535306172173	0.789823593465148	0.281358236599433	0.731622665423001	0.5800882190106	0.689913984026787	0.664938544190898	0.597873313485542	0.483796101995506	0.772671209856871	0.478594005614168	0.567838822742469	0.536370807202774	0.472143211182921	0.796246006153175	0.924205627708994	0.489760935906038	0.443666489418742	0.551253236087769	0.676620643152002	0.96890599417288	0.78068750533826	0.632275354823577	0.456094199402631	0.921237366732762	0	1	1	1	1	1	1	1	1	1	1	1	1	1	1	1	1	1	1	1	1	1	1	1	1	1	1	1
Neisseria	0.103483853004316	0.079539951904611	0.782627992735802	0.577113455026511	0.58607744505503	0.809287522222571	0.132642253043636	0.639794276956092	0.759412546670737	0.652659668604881	0.571277090589922	0.61804732559668	0.427819283852937	0.551158637739532	0.619308123455335	3.66824882409352e-06	0.982761957203032	0.558932509053305	0.975988106562401	0.730399739592996	0.60387063979335	0.544332337999539	0.820433057776006	0.954630823167654	0.721435930965418	0.203853875367372	0.628296498166793	0.0279862623182054	0.729863232112904	0.721086780235781	0.394818305701878	0.651956149718264	0.0518147808772574	0.1648321109396	0.732550497851339	0.479265479994715	0.827553971374818	0.565213857478887	0.632411315482612	0.837327985677178	1.25492070032016e-06	0.650863225962251	0.486495354021266	0.741068955333606	0.966090663126184	0.56426007706617	0.802505410702597	0.651617089929584	0.0362178459555855	0.52852966750989	8.93486328067383e-08	0.694493792671337	0.814219085350407	0.0761308413078238	0.975644320420222	0.856966370093666	0.934729582338288	0	1	1	9.47853810307376e-34	1	1	1	1	1	1	1.52355792134533e-32	1	1	0.000351948926413658	1	1	1	1	1	1	2.82374784459368e-35	1	0.578384749203966	1	1	3.01051297403888e-32	1
Coprobacillus	0.73525258993682	0.504467290659246	0.411447999569722	0.530896203135529	0.504057536778526	0.463281011597304	0.733401772028587	0.623042782189505	0.27445175381973	0.0747621663107569	0.370874514259411	0.890109394261624	0.748373434481936	0.063513206985438	0.460954060965367	0.88169908376402	0.890865059225856	0.888077275222644	0.00202611785757893	0.688049618394834	0.456022658564886	0.596688085002614	0.752039593839654	0.738473379121835	0.252878720236366	0.452135384892376	0.557252516256103	0.247134153001964	0.899245002261165	0.724641791849294	0.195890955905984	0.765044212446874	0.210711615849949	0.124536171441161	0.375129643604874	0.199081030439798	0.774183329446612	0.323914473848546	0.691249238783675	0.577104239438478	0.599534983723382	0.439162105211259	0.579595368970615	0.763801362869557	0.360961333010219	0.981455906955984	0.0596367554885629	0.906214484064076	0.167770853792041	0.696788939657567	0.855302757634777	0.528192869332995	0.831338403005698	0.13135933672464	0.500575544360931	0.0163949285963182	0.566819838222573	0.755828680614606	0	1	1	1	1	1	1	1	1	1	1	1	1	1	1	1	1	1	1	1	1	1	1	1	1	1
Mogibacterium	0.218779119076933	0.340279785430585	0.68509487584646	0.427474404471617	0.00661680237628208	0.61628613478103	0.837169568847283	0.217936565548386	0.227279659067389	0.339934077976367	0.0829199354136373	0.691016278557549	0.456981083791235	0.371881060137724	0.320211755275519	0.588781815946948	0.418384230136124	0.691476870651134	0.659407032259858	0.988852543314934	0.43263015063251	0.705519247249132	0.448628842502157	0.717432877986772	0.355541399408839	0.896048593701575	0.308681312828756	0.978806782329071	0.555944686227317	0.349190135005279	0.973169924973848	0.937542993173312	0.57110204351029	0.984214911602128	0.68763852158178	0.854917347813937	0.358417035471092	0.952596751733256	0.17469302295423	0.112577938343616	0.702181134525191	0.516265323302601	0.71863335916491	0.246577118608533	0.973217539873598	0.274742580225443	0.545486048935184	0.958608740433678	0.598532839710487	0.0827919830980967	0.28205644036675	0.741358296579424	0.811932858700683	0.106709193472872	0.00245736966854092	0.987928120712708	0.602309727200808	0.434148531693092	0.997152649925806	0	1	1	1	1	1	1	1	1	1	1	1	1	1	1	1	1	1	1	1	1	1	1	1	1
Rothia	0.0912243381464522	0.0522253158132789	0.931968733499464	0.536652404034679	0.491404351352143	0.858832372550211	0.145932023294213	0.583848886291926	0.93922464524681	0.734167547577864	0.568559370229895	0.633848007365607	0.381544900026083	0.616761272989008	0.660332225781955	8.48945206831314e-09	0.725740810761377	0.341193711202211	0.912559258609979	0.70302565639689	0.623044642690292	0.585793314066676	0.983612142704804	0.977199853920103	0.608186528992551	0.19778950046895	0.716918769433094	0.00375846020013535	0.674477247160983	0.689176830187395	0.328324034147883	0.938084168365055	0.0416531650978579	0.0635429871642801	0.914157271239331	0.490218846952228	0.885232784578629	0.536095310646507	0.670010716910159	0.709216683603441	1.45515246577213e-05	0.833911361303022	0.906515281605597	0.725712700526283	0.962687517342963	0.475729792492503	0.791218102843875	0.894894192741762	0.00918912762376312	0.499628044869829	6.15027864699149e-08	0.705977130901923	0.798278419696544	0.0454945239283917	0.876030600885589	0.793859880205805	0.906891966377627	2.72450074822471e-37	0.824627198514723	0.404036777299023	0	1	1	1	1	1	1	1.71004419243846e-47	1	1	0.0825897187415998	1	1	1	1	1	1	2.1225315396081e-44	1	0.0256388880763877	1	1	2.87063241443318e-40	1
Lachnobacterium	0.458031373847392	0.163742839552205	0.264578107769755	0.591957068615609	0.693536452922493	0.4692925935564	0.0961063343678704	0.531681666991732	0.362582683545958	0.00599457837927988	0.59768864269291	0.782096767427825	0.92697798228323	0.57855930495325	0.950592111153955	0.868451285268548	0.1008327596909	0.758465996090116	0.237945490933604	0.862614901929639	0.932416881234527	1.46137898281021e-05	0.000609536197268104	0.491964605180873	0.47628198765207	0.458890638726347	5.48519528577401e-06	0.23967887192784	0.820039364849057	0.716131189143	0.9303913862341	0.932596432193547	0.777430878494226	0.772165650859432	0.747717029588214	0.510522225670737	0.691634349129805	0.535659917632683	0.572433055658278	0.531915150287613	0.248308992089786	0.204734996076036	0.759699781867389	0.720486790146131	0.00602978656091335	0.632635554346182	0.772182244068471	0.0010271870670201	0.711277956789317	0.973783218122795	0.482987922816073	0.578762278659293	0.178233925677767	0.544533921389377	0.676867545642344	0.517067711627498	0.650808272932522	0.854603686425536	0.616953118760547	0.432435483417211	0.814963155050287	0	1	1	1	1	1	1	1	1	1	1	1	1	1	1	1	1	1	1	1	1	1	1
Slackia	0.00580261163015041	0.102038207429686	0.792489970112633	0.401610242479496	0.822583209924975	0.917717359274895	0.0714456388094843	0.244942692076779	0.247710747837289	0.0987740133551167	0.402458070634019	0.0014216468955664	0.122782443607883	0.907526022483059	0.162003348679324	0.923646760484784	0.224066774644132	0.253542337844509	0.116937999385637	6.9190030048114e-05	0.517773511036809	0.26776850873345	0.263980227116321	0.993405108123974	0.0155313830401298	0.075001922612737	0.22714123422868	0.266578651020259	0.0529281891224258	0.260919135160658	0.705560518617246	0.447274933335748	0.23980128954775	0.161575283391646	0.69604083016949	0.518142983878673	0.0902595612832504	0.315995452557084	0.325847951068734	0.933751125826882	0.548351852783384	0.158710716750975	0.479107998628093	0.653297646271823	0.207992151773268	0.00381837538834085	0.556144448715984	0.519652538491415	0.646171199309206	0.582482612937906	0.788723774213129	0.847920233737658	0.579564976810145	0.15825634773173	0.64718221489009	0.49646541814956	0.530812016026794	0.783552457277835	0.449208386644827	0.71749337231421	0.717427977933487	0.935588282103228	0	1	1	1	1	1	1	1	1	1	1	1	1	1	1	1	1	1	1	1	1	1
Alloscardovia	0.169314476842943	0.785402516194712	0.914605371498535	0.58823099231641	0.896224460362889	0.82704076889262	0.615811326029702	0.384360197309401	0.998093884729816	0.524444041178604	0.0761011606123392	0.590439363849807	0.47773719843841	0.669132455827558	0.32733020361245	0.847386050735332	0.292983387720059	0.547768200603224	0.568723113988185	0.185905164122832	0.73110530936062	0.412471976854423	0.516713681278819	0.564257751655285	0.704196776727126	0.37302849046014	0.469726294146157	0.991539925649096	0.810752401265311	0.00480594234649621	0.629599969749649	0.491848497854812	0.65673393775967	0.116202218244824	0.782771407967958	0.882011853511028	0.769361358514001	0.989793830084552	0.745266035584837	0.583310469018224	0.929084846814298	0.541776618762008	0.778572862799389	0.829285464163276	0.996474169599042	0.539907239684272	0.693104898653872	0.78283815333558	0.468696709102635	0.670091532034064	0.70297192107788	0.920641830450634	0.76436926521883	0.0852978990401964	0.617690687389173	0.550930035413307	0.943100943982134	0.881838164297563	0.68612624921386	0.223371912780575	0.977083732060082	0.598509282493621	0.263900221321506	0	1	1	1	1	1	1	1	1	1	1	1	1	1	1	1	1	1	1	1	1
Methanobrevibacter	0.851572327599793	0.571401859824555	0.336218713905011	0.627616167977125	0.980013124227252	0.442280761131191	0.161111593121322	0.573313855662768	0.531419327066748	0.124323447943196	0.383882429359981	0.874767677956028	0.0438399724307515	0.543034453898076	0.735519090810229	0.983499397790556	4.65261768439502e-05	0.678218455313976	0.743240065114948	0.880587179950764	0.752056316106075	0.3730968894146	0.00314904386549583	0.546548281085841	0.709203625431207	0.87584435275075	0.822065322027061	0.00845036913166156	0.775166201057693	0.71584483110435	0.729427322487929	5.51588543241138e-05	0.337731848005515	0.567556656811688	8.36324473669653e-13	0.537989708985265	0.688096384224615	0.772158596959853	0.0574449409378529	0.680536700964409	0.354812225266144	0.981499857292031	0.753784608725297	0.589512306836497	0.624352778832011	0.745643911316706	0.781077239550258	0.00111354016051868	0.710342131805407	0.628738219792589	0.503138325535142	0.491135158160805	0.720082515970159	0.528840038189452	0.804649792625685	0.357025348642931	0.746174009811231	0.757699168072502	0.458727248129175	0.471149450822644	0.970981506261582	0.78084834060382	0.689851916293763	0.303024339339668	0	1	1	1	1	1	1	1	1	0.381779565514438	1	1	1	1	1	1	1	1	1	1
Pyramidobacter	0.109180135650429	0.984271541560823	0.876187885640717	0.614739970073675	0.576937227985142	0.464436245773307	0.429308670835127	0.291569175118232	0.329407034879881	0.763749724828711	0.117206448464195	0.484865828247056	0.883244781251044	0.65719968645214	0.695959709310437	0.686811308811412	0.57254896772743	0.510634330358664	0.886669779924184	0.386630634852012	0.824662895824896	0.311245276959539	0.322622451549509	0.591845135260481	0.0758075123235754	0.574773960683555	0.957635643103744	0.496490012222523	0.695854681053009	0.945110642927061	0.0124879116320187	0.0584780525466742	0.56039312057252	0.898603118753713	0.766774660427	0.399338689691571	0.549419661043478	0.671876182342027	0.937827865158523	0.295077720903154	0.848091858995325	0.595683803696167	0.645517749939922	0.500791010468042	0.96495809755099	0.72773422933669	0.870292201211368	0.677393271143924	0.855744013802018	0.219452176814732	0.548948246974328	0.963170413211496	0.745507509759937	0.266595814886314	0.454884362564871	0.766295717334311	0.975212909146529	0.599214025573383	0.484369589911232	0.841344135464003	0.607590218687104	0.830198887628566	0.825743320946075	0.590293403422034	0.699479781746734	0	1	1	1	1	1	1	1	1	1	1	1	1	1	1	1	1	1	1
Ureaplasma	0.800305716520999	0.967564866393018	0.943195027577594	0.642971692353011	0.780998956716704	0.572917833772535	0.548192142439665	0.0015184779712229	0.851595579768396	0.599389828179892	0.573230020880065	0.933684678874322	0.585115908770713	0.0516243854519877	0.738256266846874	0.850742028737585	0.56361578418176	0.98671773405433	0.893985113826924	0.367588959990854	0.426378672473139	0.632994181760374	0.757335729813796	0.527928007088958	0.22509744683851	0.910034914754837	0.368138265251863	0.714495023711218	0.676911932462383	0.738433913620812	0.174855125737565	0.855741455660689	0.958204004311014	0.982033989258737	0.631386443867094	0.551416371565179	0.708426052597387	0.587049403098995	0.641247714322665	0.352010930402159	0.719839624961749	0.733448559319173	0.900287024449467	0.360591681995822	0.646697300215015	0.375028549669516	0.878454885104286	0.474479447177792	0.717984673057301	0.464682877031593	0.787733383327564	0.494841258322971	0.700325547387228	0.933898659163953	0.803145787794074	0.538598777835817	0.524177933411039	0.868865911201304	0.929252915056892	0.636463058869206	0.871519961309144	0.691270445576712	0.678517228814278	0.743195724936765	0.765721781210215	0.49327414907699	0	1	1	1	1	1	1	1	1	1	1	1	1	1	1	2.81578999896199e-06	1	1
Shuttleworthia	0.117733087125691	0.0674089713195688	0.902162583274331	0.599707273298822	0.553583894232147	0.827990586216801	0.125434573564038	0.647447543343717	0.98863787133261	0.644632056816989	0.627777785441067	0.645141186309317	0.492253476071969	0.613723405969378	0.654795622868713	1.66213180092805e-09	0.984582691444178	0.392258778980191	0.996473281716682	0.74112356564106	0.607031909216049	0.567274314983758	0.830970492112435	0.875264620320104	0.69171776284063	0.239385410760938	0.615199887022979	0.00634296752834736	0.746902293926086	0.738726497834653	0.356218706700812	0.678158483830466	0.0559065367229713	0.0722118445039395	0.749074780339807	0.516102015458974	0.854736868422712	0.589450942136831	0.643342578463001	0.625719816981687	5.98812667341751e-05	0.751391275947352	0.928537531314556	0.767892834463557	0.97086197517826	0.529730037213532	0.817065615133147	0.701479624146572	0.00560885965287285	0.547660456661959	1.12638621442242e-07	0.698357962501403	0.827944744787074	0.0378568035604277	0.874808363050877	0.816916440589795	0.879171206624445	4.38055756568525e-36	0.826429953547656	0.44781938049705	4.90686999264981e-51	0.854053861847576	0.68546874332781	0.962219499124881	0.732911249583814	0.624316676216193	0.91062675062526	0	1	1	0.181293014115528	1	1	1	1	1	1	4.3391360552452e-54	1	0.0504355513715877	1	1	3.99915689161038e-44	1
Acinetobacter	0.935317258318623	0.352872299935696	0.0142470141347801	0.984210296826959	0.503717628445556	0.799156959565053	0.46064619926391	0.922910400126343	0.690276479856682	0.490362719379807	0.371344080062288	0.436268437021826	0.165845652270774	0.398137111329709	0.52732403448478	0.590960417827817	0.553733575951965	0.996715138869529	0.427079185695227	0.895525609748546	0.714092767851337	0.793786496873837	0.707491971268455	0.957740436491942	0.0551178058979775	0.0494006992717421	0.836157253271044	0.352296514618853	0.0029763051398778	0.992916856059449	0.44386087004575	0.709459197050981	0.515351906040941	0.185949138468101	0.878833611201226	0.875681526198048	0.592542932065382	0.522020179063593	0.588001588806008	0.621261452198585	0.75038535654602	0.424217967760287	0.87901863178338	0.493708720415748	0.662826552971506	0.117010241264825	0.671617636191158	0.964614805778233	0.359795955838472	0.301541446109533	0.806480550725043	0.443525803876888	0.935577199350457	0.873330741298866	0.694554919392793	0.649916757098122	0.000733320296508786	0.856208050453585	0.518089450657783	0.420017686550657	0.744329047517566	0.664263999554266	0.0457986050154047	0.729665808496119	0.887733151498155	0.390958171173471	0.651773158646813	0.725378497275689	0	1	1	9.95792433390215e-13	1	1	1	1	1	1	1	1	1	1	1	1
Treponema	0.779421936333181	0.280839877300036	0.188167855842575	0.709328058804765	0.827880213107846	0.61085771354636	0.308129401080242	0.435470973827621	0.669754143856126	0.0283653301586737	0.893475220321464	0.710991674761966	0.948736266732567	0.748588289127251	0.687301808604622	0.905983528053099	0.74396454686656	0.822100820011578	0.801932593623275	0.480661744765374	0.983961826043135	8.98812015696189e-06	0.000392937229631654	0.430089571870667	0.654384561144282	0.852305198405616	0.882020719505127	0.639613123682699	0.750834420941652	0.97958389623322	0.595180808830672	6.23319355213844e-05	0.590948605230894	0.358399330598495	0.912582492332595	0.654985594362634	0.724868038531341	0.984344741618826	0.797308779407591	0.285559753533856	0.42772119297408	0.397971629001681	0.71385368827983	0.00269215212958128	0.879768680117891	0.574990351467558	0.826863624796958	0.0240085421940152	0.441475760579184	0.0366578835637855	0.824792297535114	0.857056474816335	0.898299199321392	0.582455680586993	0.6608237923762	0.546528281148437	0.783687949295967	0.845875850354018	0.639988053716861	0.491452670989532	0.84720123617741	0.868341360087073	0.785551056991125	0.644757954074351	0.877790803406177	0.0227730394583764	0.603392513768757	0.884446704963881	0.583300010087239	0	1	1	1	1	1	1	1	1	1	1	1	1	1	1
Facklamia	0.0725643366599756	0.650915664599712	0.135325526768737	0.888411252364722	0.863342755672883	0.0178458079200854	0.177659365209094	0.82299837672239	0.220234921859192	0.502323353296626	0.285818694796812	0.327934329142234	0.597396105325471	0.739043112221355	0.442677282702139	0.803255532999929	0.706115520817472	0.547276308371664	0.760211156640252	0.533453710043492	0.903270801012911	0.478342417989972	0.551218048636656	0.0216653175392509	0.734976289009062	0.559352259874621	0.597657546813926	0.511474084806389	0.0482685041506069	0.75427405907578	0.969032070310493	0.52844022932665	0.383527441298807	0.409996186731725	0.811667248436066	0.506337652555687	0.777441325764871	0.272702195584617	0.495111731785293	0.295007751815245	4.08770149888094e-06	0.256239137093743	0.00874317260995603	0.745631730159356	0.804814991162774	0.935277085277916	0.743173950318939	0.40045115381276	0.467060036371565	0.587796263290948	0.00318624634258352	0.784434276216407	0.762012862563623	0.941550521602161	0.913199919524661	0.311958448033373	0.44436755345746	1.02132596173435e-07	0.705378150659503	0.442883057953209	2.44492950685612e-05	0.765881778352604	0.695835152468256	0.715808064721051	0.603303587544342	0.592949780778019	0.673767611338007	5.38440790363909e-05	0.68841728004994	0.648301731693477	0	1	1	1	1	1	1	0.071697274351918	1	1	1	1	0.0764567500339125	1
Lactococcus	0.680117203054628	0.306216736169501	0.16622802689067	0.789041862769007	0.0810921458784051	0.608263769027284	0.861347419444891	0.663087190191265	0.745437679512993	0.319523150670998	0.456946641477832	0.523019358763128	0.612095788004455	0.565030792909453	0.535206847978484	0.696803301258565	0.440616085794295	0.50276326649107	0.287223268311778	0.563864419390659	0.952663594220201	0.496570044273383	0.444506711457423	0.866129791402145	0.00349734388423595	0.504636971579879	0.382495856074404	0.345490055610549	5.32910567485458e-05	0.671648324305571	0.697491771891056	0.677106614719988	0.456979869416189	0.299776272120868	0.776804932781484	0.516196916139167	0.699127271647428	0.844339982273517	0.67427261487817	0.65501510067727	0.612340333452067	0.471871232603281	0.908035839972991	0.876065179314148	0.512787297177271	0.0145047135508468	0.829219882824503	0.567630381930585	0.530938139526425	0.611524963290409	0.668938239023639	0.173858141806843	0.838004844690969	0.453919479909195	0.839928656001196	0.76587480966592	0.436528607886782	0.800251032720314	0.755168472812517	0.26317820271065	0.755629574298973	0.73533384201046	0.00687602035051752	0.760011816160518	0.882239423956208	0.158590815596412	0.639137831582155	0.789337794628583	2.86476534347012e-16	0.785679660269767	0.911087121357821	0	1	1	1	1	1	1	1	1	1	1	1	1
Aerococcus	0.803796537852214	0.402947170075821	0.256516137541033	0.931845698718019	0.612457909037702	0.565827960225969	0.0917478436429698	0.416884785847403	0.893650200973023	0.173568558208488	0.297345153490663	0.000827265622673539	0.256108473032119	0.702518843912785	0.549643535577299	0.56573978146894	0.42436792168355	0.678137349640697	0.914805959736282	0.0149636724968576	0.033796592578518	0.411173550066246	0.275340384621592	0.520635628363375	0.343918264305169	0.818706677268814	0.305435591686783	0.147333170429556	0.712919215135059	0.588416458049212	0.725262442445363	0.47032125519962	0.771188472072927	0.278977061629948	0.834459999079049	0.473762579240864	0.470520071973062	0.799075354231732	0.506121193544053	0.77985529805615	0.303427251834775	0.224543752885827	0.828070905952848	1.85915556560434e-06	0.227602656271642	0.706772088473075	0.691902775347238	0.297112463602811	0.297740674040115	0.411495757506665	0.435817470150969	0.585865913548483	0.712681105683578	0.308446763264943	0.866326733082528	0.320709325869831	0.0266790594534923	0.600881828639571	0.468353397722823	0.772807559080874	0.586236231767548	0.532858233731413	0.197631454986456	0.895148320402539	0.582385039229757	0.858316718189883	0.401623252347042	0.622266190469787	0.93530475731004	0.618836563868259	0.894488233801149	0.826575954340061	0	1	1	1	1	1	1	1	1	1	1	1
Synergistes	0.595078232953938	0.027942790006303	0.0637106983301158	0.416100168756097	0.678982121587239	0.128012362532574	0.876122245483402	0.236866438256711	0.14230096707332	0.0963821493970349	0.0491020512628278	0.490960853367868	0.437836602646425	0.24558009503601	0.164353389335888	0.343780086772181	0.0596856980080487	0.676438390306714	0.835630900833278	0.694954761184819	0.776957895835928	0.547351631492683	0.00248012969255222	0.404879404365973	0.510810885409153	0.405652354308862	0.378123719631881	0.00626838599576692	0.86344557580021	0.544773523512563	0.60806299982524	0.205216356189365	0.00725683263000525	0.712701435057355	0.000722521846349762	0.288118413071834	0.396880990310238	0.59860214811937	2.5633469918622e-07	0.164327104563627	0.0202658494730615	3.32050998813295e-05	0.49384360457636	0.946552191993675	9.38463960583533e-09	0.607888503023489	0.661457247299333	0.134652187790358	0.648819771526966	0.495021381261382	0.376882550779426	0.711087071962214	0.698198111848645	0.304073089747895	0.512327060883107	0.0875550479345355	0.56882572203391	0.604077480276459	0.71826002003061	0.773432927815683	0.71467169120614	0.844090170839722	0.206065858421799	0.237748618004087	0.000113930040439999	0.993318039502249	0.394631868017798	0.590669146886814	0.75039913092347	0.633226080106036	0.505365680107328	0.612934914979781	0.855984169256024	0	1	0.00107127578733139	0.00119910464563129	1	1	1	1	1	1	1
Gemella	0.821938574949501	0.448680688288123	0.977059470277382	0.671007783770473	0.00501424320624368	0.557514916270702	0.6982466135847	0.586190736544787	0.651553631555097	0.402552313345181	0.78660404029431	0.451305728291701	0.510362810215188	0.148446811788502	0.596839459128055	0.961132909011836	0.544887640677122	0.578695654642359	0.382353428193629	0.662986028801684	0.197325979561876	0.572510497790168	0.498241006452813	0.985219844667549	1.17294259548614e-07	0.440141967641577	0.463544075776302	0.543996316668175	0.942171322192302	7.73162422346464e-14	0.682100269546147	0.731220238711525	0.541460168999692	0.449895021108208	0.814429742953012	0.38746891729477	0.736330268783152	1.45889105582994e-08	0.71906388263237	0.568008754818753	0.786442304139617	0.56382214999562	0.783881409648651	0.700811210063227	0.606507069023979	5.04305649421624e-08	0.856929604702736	0.634815464823998	0.728420535604646	0.000768760184072035	0.848856561218717	0.738743274563264	0.867021519742441	0.56353983664002	0.771289578804234	0.84242516527381	0.944014796412175	0.924679513210319	0.847541416744346	0.859418889374726	0.936885164128902	0.785474891718381	0.203560392263874	0.729679708884667	0.793675002518261	0.891864679243185	0.69970485775823	0.903820118038434	0.671381129224268	0.827278863548691	0.93194048108913	0.837116117515047	0.366626331449258	0.6830793974261	0	1	1	1	1	1	1	1	1	1
Adlercreutzia	0.872423802444895	0.371105922391412	0.560738753272623	0.249614563681789	0.542760002768073	0.489891310110913	0.650154591465514	0.875151205976905	0.491780798176255	0.499937084488252	0.746313826494959	0.35003213222835	0.426898100115697	0.104483058968396	0.018643763056492	0.629879501939927	0.0378422750622005	0.904680216141185	0.80626566718532	0.510996541677165	0.386028059698366	0.609262857885138	0.00381716885914309	0.698930996402757	0.646645325727694	0.694688451716972	0.675830937251943	0.0259392172316316	0.536091146446767	0.390565868608717	0.50820477358194	0.456207882439158	0.183174644967755	0.893284213857564	0.0291195737161068	0.1579512248162	0.861060979300151	0.735290365785794	8.3442639558139e-09	0.376396320268359	0.0270236159215442	0.00189512491661763	0.530977972450423	0.567742409312843	1.57168087189908e-06	0.517217350849569	0.503749541758929	0.583801763931542	0.910226815836776	0.308451981421425	0.943061380871081	0.524892806943672	0.151861557095857	0.796029464890788	0.945486317441126	0.718927239898197	0.333054311517438	0.889933612356259	0.34259402380357	0.680871486616067	0.871806953052662	0.898931519691395	0.268045281508655	0.699884262084443	0.0350265275134306	0.977446379386752	0.379691006101755	0.825251708829491	0.883665446383633	0.415218428473807	0.843102069532594	0.863376133510769	0.45142300309603	3.11870680445818e-07	0.557935471898581	0	1	1	1	1	1	1	1	1
Alistipes	0.215653126970424	0.00170804723858167	0.254057311822239	0.313099324325635	0.957896443714554	0.15154053478137	0.246930950201515	0.198099961289818	0.180446721119017	0.0891969676217867	0.10878205813843	0.505105842540322	0.776666652577363	0.22588028541553	0.194384511048605	0.39179921170369	0.488718489973877	0.738700493057146	0.359145820305682	0.964360425926346	0.812008129866518	0.801764245042814	0.0771250752430394	0.304288091853143	0.859613415859095	0.0942153150965374	0.440866891352746	0.0416220906972936	0.584216536499498	0.886053230863226	0.681266862021409	0.541882385972146	0.000115375883384312	0.420957647239898	0.369715257652114	0.73508537478509	0.374046044060867	0.553987167815898	0.00172973319320476	0.249569788659711	7.68112266361223e-05	0.00016064673672043	0.576184170232083	0.159859820595235	4.26404437811784e-07	0.738475795028579	0.867503263794102	0.658934509227488	0.0807760810912721	0.72022343495887	0.553239064435699	0.605465729618772	0.649108810156408	0.170322687425786	0.492301096515917	0.166542074131865	0.582717571987236	0.106128603737718	0.594208078765812	0.630702724666503	0.159496425177274	0.744948372921802	0.209882923156203	0.993412449583454	0.802113908686163	0.747910227044659	0.652206011767429	0.188250346797601	0.560487637266144	0.976372979662776	0.158781211890829	0.549125159742133	0.623839279746215	3.49185977178593e-07	0.779471147521439	0.000749839491760079	0	1	1	1	1	1	1	1
Leptotrichia	0.123939558965695	0.0683349583435451	0.995303182745036	0.580761062575724	0.544992596305382	0.871717867586308	0.142277893606866	0.677623651316159	0.951692846973164	0.651896433852417	0.614723534812399	0.628894168636399	0.469830902953202	0.596189675082987	0.63859522428702	1.35012586316716e-08	0.993559822779518	0.428921641645479	0.96745520824729	0.707978853711722	0.587889639362569	0.571809061941512	0.815844933402864	0.869208238416703	0.695663730277772	0.246025561406144	0.636017908362126	0.00993650990918889	0.738020772319137	0.723615625538615	0.328993095404521	0.659313178140697	0.0540719095147203	0.0936392357230688	0.735516595176978	0.498060505309526	0.833199710101298	0.614588077526986	0.624491849608449	0.616860629755323	2.67780239489697e-05	0.705504858805533	0.932695342919531	0.748820741033629	0.974441207212129	0.505160714849874	0.806266673049333	0.759364304980365	0.00929757419050337	0.544736486184982	1.09798876174554e-07	0.680470017653281	0.817765444369351	0.04357870514199	0.863666587921876	0.803621707790697	0.869105139399935	8.11421794423472e-39	0.793706244044944	0.430023990038961	6.09222600346756e-48	0.843066644835209	0.71833190048302	0.915999763371269	0.717492596377341	0.603562919853938	0.894556627881768	1.24473208698944e-57	0.730160692068919	0.872434429424503	2.12122113467213e-05	0.776980485286472	0.601420433905138	0.568454119077618	0.914948394451168	0.806880733390904	0.17293372029869	0	1	0.10677588480463	1	1	5.68124502528288e-41	1
Anoxybacillus	0.632240435013884	0.570990722762746	0.516988333946451	0.796162103127872	0.291636020075302	0.476323235156685	0.901764721537397	0.498422508330193	0.00189078056939854	0.590112181800505	0.311035426143366	0.930930227053284	0.342044514006488	0.868542193180308	0.69225639335187	0.467673263421976	0.619397709337525	0.360659367880546	0.555686244046069	0.837309449562143	0.713203008356512	0.942758553996262	0.504830339392735	0.0272613880832439	0.532562920485554	0.756013569130909	0.806290138930063	0.0957235121834222	0.111524643021382	0.760808826312764	0.742878041545232	0.458361931044665	0.367762790769489	0.108778775000569	0.56731109415897	0.854450365218685	0.675269232479984	0.681541862101771	0.439994688413433	0.000223531206011096	0.445319687889725	0.184116392979642	0.521016746682007	0.390642373613201	0.234015985042309	0.684444044420948	0.665427869152518	0.543281907746992	0.326782369543799	0.427059387206293	0.848840297510973	0.925697433457902	0.807905167209994	0.591841533262938	0.361706689792567	0.354114132217433	0.689019565936513	0.555379400059336	0.73646620288985	0.467626441087985	0.602458122928257	0.831731899742789	0.0585058985041161	0.492795298186275	0.772930318493603	0.726778768629615	0.333089941334522	0.585540982117324	0.0028243029162041	0.602834305172609	0.605477174522263	0.00637749486018441	0.993319316388545	0.300346994493358	0.74566389299095	0.369336696556473	0.21923536250889	0.60294965676317	0	1	0.555174138363032	1	1	1
Holdemania	0.0167980220890296	1.11096710711153e-06	0.0667214341730381	0.247698136864185	0.487841149432971	0.148928095370183	0.0220084670013425	0.176029614217119	0.195659911732933	0.138151054017996	0.842304233306741	0.224314884954145	0.500913874713769	0.632700080616857	0.277181323127808	4.22730065195875e-08	0.071544159485452	0.060757598933124	0.340641968165179	0.269286760310579	0.956620723920724	0.918391983429323	0.968417561671527	0.38945411769725	0.30913407830026	0.0620454072667384	0.197869302604839	4.57290572690452e-07	0.245708819697801	0.42255955945735	0.085703018399858	0.697580489394566	6.08641133282981e-07	2.97516885350268e-06	0.654184275633159	0.741128379655003	0.375668423947392	0.331517149196092	0.568306804452719	0.475292697255737	0.0154822250180381	0.00052144607859154	0.967726671314629	0.347918317186603	0.399172400543294	0.222808506879723	0.25221736922022	0.778747666620125	0.00378764124573789	0.363045032157877	0.0505318102049425	0.432904588589519	0.707522544433412	0.000242325463640043	0.427388810811435	0.558786258885552	0.603529810458246	0.000173065454579284	0.984197984609234	0.265285372337943	7.54528783884277e-06	0.719175988359066	0.616766989354412	0.656535316256703	0.851598522678059	0.498435459040232	0.868756039101667	1.4904122745741e-05	0.489190067777351	0.589182778270048	0.554375364298768	0.554976291580133	0.263203830580907	0.198459548802493	0.751883726615536	0.861844168448408	0.107445455361894	3.16279279634568e-05	0.259376583155454	0	1	1	0.0542898357990093	0.0353028221104503
Dermabacter	0.969387708609886	0.280263761825383	0.105618938786195	0.602026244226782	0.36707537903547	0.00820974946035469	0.914523215763467	0.842980669293407	4.3133833535359e-06	0.441676432528896	0.47018321674558	0.860320352180582	0.446676864663668	0.943825976543723	0.646018373751517	0.670709816736165	0.562946382688436	0.800552945848062	0.441135487156334	0.672944523538985	0.674085704176886	0.604949779971152	0.644542777898518	5.42147423678379e-09	0.454269356708606	0.595016008112035	0.476275559128958	0.350261925791571	0.735475771791437	0.866467585799785	0.410729564356397	0.848437766651956	0.458601279794617	0.341528346520821	0.743545446084241	0.624347897525056	0.0249300043678514	0.586252394954644	0.729162904549164	3.36832720783944e-06	0.561914869706423	0.473618883763643	0.76224194854489	0.587254875559897	0.469913724158862	0.655331246457583	0.80517493367482	0.535655427177902	0.529876749773505	0.532768715338858	0.00446985761669264	0.671568880990101	0.818187064867324	0.704729569612567	0.30976496991748	0.429633071420883	0.823889537201178	0.743317432467541	0.643293287183444	0.614646176613782	0.914980559988422	0.701559174401843	0.992968049340001	0.808210210256431	0.882044089553366	0.60147788078145	0.729667869398151	0.761998189091415	0.927086703183179	0.757893247307998	0.757118108361825	0.859129093988605	0.677826239342086	0.566225993981121	0.90097974276088	0.903028480138612	0.496896731399535	0.748137493845454	0.000166070636662588	0.459182260369408	0	1	1	1
Actinobaculum	0.533129747646506	0.30155581140169	0.507473738408475	0.650555059009878	0.884256068786212	0.486563220669874	0.891328898710794	0.0018655059369873	0.773688023017383	0.636643823628954	0.571286188656857	0.34200858878946	0.410879782174629	0.00227870948680298	0.674016240613198	0.716320497782015	0.800508003205439	0.919669474468343	0.520745848086427	0.473423964624502	0.722982180862807	0.733687702572407	0.878216416793961	0.721863913792973	0.569630406122698	0.51935102431947	0.701338435376277	0.525567268272553	0.0824774360458505	0.703614014684835	0.0258952270093476	0.934033427828382	0.401814364637228	0.712674931769422	0.816796414680547	0.972942033930132	0.413159047063696	0.723772147738934	0.68680688713137	0.988737963042276	0.621402785269763	0.707869949710817	0.896065207428377	0.562742221493947	0.559118048426609	0.418008251103664	0.789079385811579	0.523712243568233	0.634358839414143	0.684738950275772	0.674646292592022	0.690416968042675	0.812684812537259	0.412573241241929	0.687014306006249	0.577355652059748	0.673242665776199	0.722469482960819	0.688873913694698	0.408546160640101	0.69992739863841	0.866397561962115	0.3600927898005	0.586454490475615	0.941573473658784	0.571029303435951	8.11934832457321e-10	0.742557065012361	0.740249207522845	0.738140719086047	0.726985287709427	0.757341501177147	0.683660980818276	0.54818991167112	0.805054324296433	0.57243622335646	0.461072878347	0.72764996962836	0.226168386576694	0.547887824230944	0.899312428639153	0	1	1
Aggregatibacter	0.10430124315263	0.0532198176760903	0.896710930480158	0.566838660739364	0.54473392594076	0.907509953056376	0.0906047558534723	0.610558840391372	0.994323492350185	0.760923082457587	0.697182276237203	0.666234742770288	0.511680804358556	0.615236576669553	0.625944350664029	5.8478048778251e-09	0.97652932611359	0.444306988308195	0.976557634261092	0.700889861062759	0.63935836958397	0.752793728211555	0.954205240265257	0.894959401672763	0.644857902403516	0.258455132112139	0.588653471840297	0.00836693663895097	0.703454523372661	0.708852955443256	0.403126165244086	0.860973257870958	0.0560792989878397	0.0710454432819017	0.717977227060683	0.465652766918965	0.815611097012086	0.591911622191858	0.613816932726882	0.623761374571876	4.68445191899289e-05	0.746271940009852	0.723989396444896	0.878971470231825	0.99648080854773	0.528500594471178	0.792584763907397	0.797321218528584	0.00523812516582184	0.537395127364629	1.28773864365402e-07	0.694682632725919	0.814109578163578	0.0531926639658438	0.862827003664397	0.898137609261118	0.870408569376727	8.65836345711499e-36	0.78350756722654	0.414847635665145	8.24657401445902e-44	0.817764737514817	0.61492251404254	0.991395107437175	0.698044401772896	0.722926740039423	0.853242829536183	1.14819319311237e-47	0.693911451111366	0.807971452801048	2.26270346356651e-05	0.771834758296414	0.608463793180855	0.54077459535871	0.92829999573057	0.744541938051389	0.19075946518019	1.63160397050054e-44	0.581397825216688	1.60525830275013e-05	0.730623807894223	0.708835630531595	0	1
Anaerotruncus	0.0926763963636369	3.82898408900757e-05	0.139115559794065	0.559945794027493	0.622716770243239	0.195961334516128	0.271133885193374	0.497955679959537	0.275814957397431	0.342350054007458	0.448843536227044	0.543774836384323	0.985163954696984	0.502838542068204	0.513138926837213	0.701171562193052	0.0290560562081611	0.864412879243761	0.982567063300955	0.358959522197201	0.253451921972583	0.840664364553108	0.803521658916758	0.62881906432766	0.368183664854975	0.182480809147563	0.0668658514919757	0.0258027307400135	0.635631213791498	0.695739142779507	0.328624023896899	0.632951823731951	1.76202194636107e-08	0.0923615087673648	0.326987779837662	0.444620826315368	0.609050673126555	0.757036771109115	0.944271371638909	0.272934146457818	0.0594465154068909	5.84302380216793e-06	0.722488373931403	0.614632538212784	0.226956693654378	0.50713089943419	0.782955373798233	0.436159024098192	0.8824798990261	0.554505014935076	0.572556038857068	0.806879976685324	0.812321560966652	0.467087353682337	0.647575414612899	0.410345117577755	0.927618003105008	0.714559527091118	0.788965688761391	0.79040736444645	0.981018106786723	0.694980437123477	0.559588190347679	0.57588209576222	0.44933560571581	0.580517291014756	0.851414076951747	0.735173943691508	0.777892180081946	0.762905675665841	0.743901527452228	0.756055237783133	0.606071119914859	0.0117256180453744	0.799714409438563	0.939889909073366	0.183413093547593	0.719874818716777	0.565601118450642	1.04046042176393e-05	0.718331281613386	0.741797908702539	0.741593152624175	0
