ID	cdtn3003	cdtn3004	cdtn3006	cdtn3007	cdtn3008	cdtn3009	cdtn3010	cdtn3011	cdtn3012	cdtn3013	cdtn3014	cdtn3015	cdtn3016	cdtn3017	cdtn3018	cdtn3019	cdtn3020	cdtn3021	cdtn3022	cdtn3023	cdtn3024	cdtn3025	cdtn3026	cdtn3027	cdtn3028	cdtn3029	cdtn3030	cdtn3031	cdtn3032	cdtn3033	cdtn3034	cdtn3035	cdtn3036	cdtn3037	cdtn3038	cdtn3039	cdtn3040	cdtn3041	cdtn3042	cdtn3044	cdtn3045	cdtn3046	cdtn3047	cdtn3048	cdtn3049	cdtn3050	cdtn3051	cdtn3053	cdtn3054	cdtn3055	cdtn3056
Prevotella	18881	18251	8195	24053	4215	9825	10365	6258	43870	6487	9888	20921	5928	5447	3971	32038	33193	15145	29984	19209	33134	21549	7318	31422	3475	8289	4292	478	3585	467	19733	29942	24271	15860	1052	23926	38534	34536	37503	10883	11275	15993	2901	41974	8728	26398	23012	29881	43146	462	10063
Bacteroides	18914	786	18297	2181	3767	19216	5021	35419	4258	10585	34329	16769	30732	34963	39229	8830	1588	7482	2793	1937	4531	19153	29393	2140	29181	35642	677	422	34379	61	4813	5741	1221	636	48226	12092	250	2658	4241	2658	246	1883	60620	1153	25382	5022	13426	3825	1590	185	3638
Peptoniphilus	4086	11434	10594	5012	10995	8439	26497	2770	12891	3022	2598	8774	4373	1245	5957	7930	10522	7731	8550	19469	11443	7468	6716	19704	5765	641	25813	311	14740	220	19005	13165	18565	10856	1017	10979	11105	13680	9514	32484	17818	19468	3713	9137	15255	5838	17734	9198	16615	254	27372
Lactobacillus	4610	1994	2954	3170	13221	1629	2107	8970	2956	2879	2702	1988	1569	1410	1919	2931	1677	2558	18154	1937	2597	4667	3490	865	754	2461	2920	97312	867	98011	1647	5349	11457	134	745	157	1276	14416	2579	1099	24681	791	238	707	1191	1835	2124	2706	1401	96098	2633
Porphyromonas	7045	11491	12658	3664	6680	465	17162	301	316	1993	2845	8075	7861	570	4647	16072	15846	19751	5851	5204	2771	7188	8437	14889	3214	80	8643	207	4932	103	9857	4867	16233	23087	2507	7709	896	163	11074	43	14958	31	5205	235	5387	11982	1179	1188	6732	100	11231
Anaerococcus	1291	14990	5146	4785	12516	4604	3138	2051	5642	1376	1273	2297	2731	525	2343	1854	4536	6998	8813	14053	5846	4978	3550	4535	1405	137	22500	187	8129	123	7344	1233	1715	2122	650	17374	6130	2644	4278	8796	4598	15036	680	4067	9751	8604	5884	3315	3624	177	16683
Dialister	2125	7523	2922	3242	1212	2590	5900	1240	7847	8196	1234	4918	712	3211	317	1872	965	2973	6304	2901	6476	1820	2094	8301	1093	2816	2476	117	867	68	8467	9162	3968	5338	295	5574	7390	4523	4958	9549	6049	5144	1456	9322	4338	3110	4436	3894	8808	416	3012
Streptococcus	653	227	3113	23291	12009	930	11576	915	363	617	350	161	363	915	992	953	304	539	611	4144	1130	1618	782	5426	2368	767	5823	76	1084	55	14569	10171	6827	357	2223	2573	21112	6506	1346	1255	473	2192	286	3309	1424	522	992	25287	558	609	2131
Finegoldia	850	7113	1175	2737	3956	1841	5416	996	2193	1155	181	886	348	1140	1178	865	1868	746	1760	8337	4488	482	854	4648	1483	217	12567	55	4921	89	1730	1099	997	1016	141	6226	3343	14861	1422	6727	1244	20212	202	2905	505	5404	8756	2257	2128	123	6476
Faecalibacterium	6637	341	6543	2181	825	2944	941	7788	668	10474	12370	6194	12351	6077	9439	1642	4269	10912	759	1349	2010	4123	1167	209	637	17036	744	48	3117	6	1601	257	112	0	1099	629	177	103	1535	1238	61	142	5910	101	2758	3301	3736	639	263	61	1783
Campylobacter	14124	1037	4637	1615	626	475	1909	452	8234	1123	1819	3090	1235	150	1429	2013	304	774	1476	780	5042	7266	3141	8	1991	251	410	27	559	20	3672	7042	650	3250	614	1888	605	22	10143	1116	781	767	501	50	789	4397	945	7829	1559	23	5052
Gardnerella	1830	8230	1397	1729	11223	1295	3622	822	891	2531	922	1289	1816	45	1085	1589	1613	1521	7390	732	4651	4994	1733	0	624	11	92	0	1564	82	0	112	269	4199	0	33	104	74	818	43	3405	3679	11	16683	3146	1975	1704	908	2202	185	871
Bifidobacterium	326	649	127	308	139	6618	224	10210	222	8085	2066	1612	770	5372	529	459	1270	3748	664	240	184	217	228	1345	2785	6835	2150	48	3060	6	27	1581	381	11	4068	1314	605	304	339	9108	144	340	0	151	958	701	4810	319	73	346	461
Fusobacterium	490	4229	9196	10570	3350	16231	44	104	434	300	220	80	101	0	26	105	114	221	94	1002	412	3640	3923	0	885	0	100	13	45	6	1905	4149	280	6065	11	146	32	22	37	60	30	1923	23	33	997	2332	198	9	4077	92	2336
Dorea	1144	34	2303	1029	59	2236	995	3604	246	981	272	1034	726	11089	1284	494	1016	1120	210	790	434	1727	15406	900	559	4076	142	131	513	0	671	56	33	0	12369	224	48	118	176	640	41	371	525	33	2460	1389	747	379	927	15	553
Parabacteroides	1340	34	492	432	89	50	80	197	105	1487	376	1531	2121	6497	1019	1889	978	359	105	115	304	342	1721	314	27853	1476	66	20	1826	0	441	134	33	89	839	348	8	111	729	640	41	79	3104	84	919	331	198	369	73	7	430
Ruminococcus	1307	113	63	627	238	202	35	2688	117	8401	1156	1827	2920	1650	5481	211	1880	4273	42	375	32	233	300	192	533	1740	50	34	1507	20	27	123	0	0	5250	89	0	118	302	60	41	39	1767	50	1592	1427	151	139	31	0	543
Collinsella	1356	273	222	926	9	10078	44	115	293	2294	77	1316	348	285	3535	1695	1423	1493	632	2293	499	560	637	8	3709	1900	719	20	68	0	0	44	22	33	2128	0	48	37	37	2943	144	466	0	42	2084	1682	1762	219	105	77	1065
Sutterella	702	79	2874	658	99	2641	44	3059	598	1598	779	1800	1990	495	767	759	584	1258	432	1985	315	871	818	515	546	6228	326	20	1393	20	570	740	22	11	981	393	185	750	704	285	20	1226	883	244	3120	662	1599	489	948	38	399
Atopobium	1029	4217	158	216	169	222	609	591	105	300	103	1061	1293	885	66	2154	304	27	1655	183	1934	995	1059	8	468	274	8	6	582	34	92	762	179	1351	0	359	88	824	2202	1116	617	1923	95	7251	375	420	163	828	1612	61	61
Clostridium	2795	889	95	123	795	131	35	1263	46	411	948	255	566	255	357	953	2681	1936	337	163	108	1524	36	26	65	45	426	41	388	34	193	56	33	2680	8041	1168	40	29	113	199	5946	379	370	33	414	548	151	9	168	23	30
Lachnospira	147	91	222	185	487	678	905	2561	70	2262	7146	698	5507	1425	3614	158	3469	1521	73	231	65	326	132	26	65	480	33	0	296	0	220	11	22	0	82	11	32	0	239	173	0	205	800	0	932	611	1260	239	73	23	276
Coprococcus	604	91	301	792	218	819	89	846	93	4272	3924	1437	3807	4246	622	88	2427	1383	63	472	282	497	180	533	390	435	150	13	730	0	92	78	56	0	733	303	16	44	415	484	41	245	370	8	673	2358	560	179	73	38	215
Corynebacterium	277	353	492	113	3817	1143	842	197	457	79	129	376	203	240	238	423	762	152	305	3624	228	140	108	664	481	103	2995	20	662	41	699	302	302	547	94	359	1074	1024	465	484	1172	4479	382	648	155	165	385	1468	273	23	276
Mobiluncus	1046	615	1000	41	49	10	8	127	2123	47	311	524	29	120	39	3020	762	331	263	106	32	186	1408	882	26	11	309	62	696	13	0	246	3565	5696	11	1045	2342	0	855	51	2088	118	59	303	0	344	899	19	1000	15	307
Blautia	948	68	365	370	159	1092	484	1750	82	743	493	1128	886	795	1138	317	800	760	73	462	249	513	240	594	1314	492	309	6	1221	6	303	56	44	11	1099	1157	56	66	125	4649	61	261	1552	33	2240	1198	665	259	10	7	563
Roseburia	130	68	1445	216	29	485	349	2016	199	648	350	2217	3356	465	2925	459	521	926	94	2130	380	529	228	148	26	251	58	0	513	0	1270	44	0	0	118	0	16	44	75	476	20	15	2029	0	699	1249	163	49	31	7	245
Oscillospira	1095	45	381	298	169	70	116	150	58	2310	727	792	1176	1455	966	1077	559	580	31	115	195	171	1360	594	2472	1179	83	13	639	6	156	235	56	67	1844	101	0	185	390	164	61	94	1086	244	220	420	116	339	52	7	225
Actinomyces	572	1607	142	1440	5040	50	35	34	304	142	233	120	421	390	13	618	114	207	516	57	239	93	120	8	221	0	267	48	274	13	248	89	3912	413	11	719	621	14	339	43	30	403	23	387	168	305	361	769	653	30	30
Sneathia	0	0	142	0	29	40	0	0	11	0	25	0	14	15	0	123	25	0	0	0	7422	77	0	0	0	0	66	27	0	0	0	11	1401	11549	11	0	121	0	62	17	123	23	0	33	12	1491	0	0	0	0	0
Peptostreptococcus	49	661	31	1842	646	131	8	985	2346	47	1000	107	450	450	92	3090	76	138	906	1879	467	311	36	0	0	22	1029	6	0	0	0	11	156	726	0	1202	549	7	641	17	565	0	0	8	220	140	35	29	421	7	122
Megamonas	49	0	31	442	9	20	17	0	140	6044	5457	3816	43	0	1151	105	88	27	442	559	32	62	24	0	26	0	0	0	22	6	0	684	0	0	0	0	0	0	50	0	0	0	0	0	0	50	23	89	21	46	0
Phascolarctobacterium	1128	0	31	41	99	303	224	463	105	31	454	26	174	1035	1350	70	12	0	42	96	108	373	553	332	767	0	8	13	1233	0	156	67	44	11	1419	595	48	200	88	294	51	118	2519	101	880	713	326	429	10	69	317
Bilophila	163	11	270	267	49	60	143	69	175	601	545	792	305	165	423	353	177	248	52	19	554	248	1396	279	950	973	41	0	274	0	92	370	11	11	804	146	24	7	62	8	51	63	537	168	246	229	46	249	52	7	133
Akkermansia	376	159	0	10	457	30	0	11	0	5458	0	40	0	1785	211	0	12	0	0	9	0	15	0	0	0	0	16	6	0	0	0	0	0	0	0	0	0	0	113	8	92	7	11	0	310	0	23	0	0	7	0
Megasphaera	0	569	0	72	0	1416	8	11	58	63	25	282	14	15	0	582	12	0	73	0	10	31	361	0	13	1774	8	0	0	6	0	403	336	491	0	11	8	720	0	0	771	102	0	50	0	127	105	9	10	38	0
Veillonella	0	0	15	421	19	20	62	185	703	0	51	13	0	0	26	35	0	13	73	1908	554	15	0	8	91	0	16	0	79	0	0	269	11	0	23	11	2560	0	0	69	10	15	0	8	0	0	0	0	31	0	10
Parvimonas	0	592	412	0	1332	40	0	0	0	63	116	0	0	15	0	52	50	110	0	0	65	186	0	0	0	0	8	0	0	0	0	0	78	1586	0	505	16	7	75	25	10	0	0	0	0	127	455	0	0	0	0
Desulfovibrio	114	45	0	10	9	50	8	0	0	537	64	107	276	2310	13	88	266	760	10	0	10	31	12	17	0	0	16	0	0	0	0	0	0	0	177	0	0	0	427	0	30	7	11	0	38	0	11	329	0	0	0
Delftia	65	34	15	133	198	172	322	185	58	79	12	80	29	45	105	123	101	41	31	212	43	15	228	61	52	114	426	27	91	20	82	123	33	33	35	179	234	289	50	216	72	672	11	75	12	38	81	89	31	61	174
Anaerostipes	81	11	15	0	0	10	0	81	0	411	246	53	276	750	225	17	406	41	0	19	0	0	12	8	78	80	16	0	1495	0	18	0	11	0	70	11	0	22	0	25	0	0	561	0	0	254	46	29	0	7	0
Butyricimonas	212	0	0	41	29	20	8	11	11	79	246	470	261	570	609	70	25	110	0	9	21	15	0	78	104	148	0	0	0	6	0	56	0	0	319	0	8	0	100	0	0	7	716	8	25	101	11	129	0	7	0
Gallicola	0	159	412	10	9	10	0	0	0	0	0	13	14	0	158	0	76	401	0	9	0	15	0	0	13	0	1957	13	182	6	0	0	0	0	11	11	8	0	0	0	370	0	11	0	12	12	0	0	0	0	10
Moryella	32	0	0	0	39	20	0	11	0	15	441	13	14	0	0	317	12	13	0	0	0	140	0	0	26	0	8	0	34	6	9	0	0	0	11	0	0	0	0	0	462	0	0	0	1100	586	11	0	273	0	0
Odoribacter	408	0	0	20	59	0	62	0	11	63	77	107	392	660	79	17	50	0	10	0	10	15	0	61	52	34	33	0	79	0	46	0	0	0	236	0	0	0	163	8	0	7	167	0	0	76	46	69	0	0	40
Peptococcus	32	512	111	10	69	0	0	0	11	15	12	26	14	45	13	52	12	27	168	48	0	46	24	0	0	0	158	6	0	0	0	33	403	726	0	22	0	0	62	8	41	0	0	0	38	344	0	19	10	0	20
Mitsuokella	0	0	0	0	0	313	0	0	0	0	0	0	0	0	0	0	0	0	0	0	0	0	0	0	0	2404	0	6	0	0	0	11	0	0	0	0	0	29	0	0	0	0	0	0	0	12	0	0	0	15	20
Paraprevotella	163	0	0	10	9	0	0	0	0	506	337	161	450	30	0	35	12	0	10	0	10	15	12	0	39	80	33	0	0	0	0	0	0	0	283	0	0	44	25	0	0	7	0	0	0	12	315	29	10	0	0
Escherichia	261	0	0	30	39	10	53	11	11	15	155	80	29	60	13	547	12	27	21	0	43	77	108	0	468	91	0	0	11	0	0	0	0	0	118	11	0	0	50	0	0	7	23	0	0	0	23	79	31	0	20
Arcanobacterium	16	11	0	20	59	0	8	0	187	15	0	0	14	0	13	0	88	0	21	0	43	77	60	0	0	0	25	0	0	6	82	0	0	413	0	134	0	0	12	0	10	0	0	0	181	662	11	69	158	15	30
Haemophilus	32	11	127	0	9	10	0	46	11	0	90	0	130	0	66	0	0	0	10	395	0	0	0	0	351	0	8	0	456	6	0	0	11	0	0	0	0	0	0	8	0	158	11	0	0	0	11	379	0	7	0
Bulleidia	0	34	15	0	49	10	0	0	0	174	90	0	0	0	0	335	0	69	0	0	54	0	0	0	0	0	33	0	11	0	0	897	235	0	11	56	0	0	12	0	41	0	0	0	0	0	0	0	21	7	20
Catenibacterium	0	0	31	0	19	10	0	0	0	15	25	0	0	0	0	35	1753	0	0	0	10	15	0	0	0	0	0	0	0	0	0	0	0	0	0	0	0	0	0	0	0	0	0	0	0	0	0	0	0	0	0
Eggerthella	49	0	79	10	9	30	62	92	0	15	12	0	0	135	26	0	0	0	10	28	65	0	276	34	156	125	0	0	57	0	73	33	0	0	35	44	0	37	12	86	0	15	83	16	25	12	0	0	0	0	0
Staphylococcus	16	0	0	10	0	0	0	0	0	15	0	0	0	0	0	0	12	13	0	0	0	0	0	17	0	0	100	13	45	0	0	0	0	0	11	22	16	393	12	138	0	205	0	8	12	0	0	669	0	0	10
Varibaculum	179	45	222	0	9	10	152	0	35	0	12	0	14	15	13	0	0	41	0	0	0	15	12	0	0	0	209	0	45	0	9	67	44	44	11	56	16	29	188	43	10	0	0	0	0	0	0	0	31	0	0
Pseudomonas	0	0	0	0	0	0	0	0	0	0	12	0	0	0	0	0	0	0	0	0	0	15	0	0	0	22	41	34	34	13	0	33	33	22	11	0	0	7	0	675	401	23	35	8	0	0	0	9	0	0	0
Neisseria	0	0	0	0	0	0	0	0	0	0	0	0	0	0	0	0	0	0	0	0	0	0	0	0	481	0	66	0	639	0	0	0	0	0	0	0	0	0	12	25	0	0	0	0	0	0	0	0	0	0	0
Coprobacillus	0	0	397	10	59	0	0	34	117	94	0	0	0	0	0	158	0	0	0	0	0	15	60	0	26	148	0	0	0	0	0	11	11	11	0	0	0	7	12	0	0	7	0	8	0	0	0	0	0	0	10
Mogibacterium	0	0	31	0	9	0	0	0	0	15	12	53	58	0	13	70	12	179	0	0	54	15	0	0	0	0	0	0	0	0	18	0	67	33	0	11	0	0	75	17	82	0	23	0	12	114	0	199	0	0	0
Rothia	0	0	0	0	0	10	8	0	0	47	0	13	0	0	0	0	0	0	0	19	0	15	0	0	468	0	8	0	468	0	0	0	0	0	11	0	0	0	0	8	0	15	23	0	0	0	0	0	10	0	0
Lachnobacterium	0	0	0	41	0	0	8	104	11	0	0	67	595	15	39	0	139	0	0	0	0	0	12	0	0	0	0	0	22	0	0	0	0	0	0	0	0	0	0	0	0	0	0	0	0	38	0	9	0	0	10
Slackia	0	91	0	20	0	0	0	0	0	15	0	0	29	0	13	17	0	0	10	9	0	93	0	0	39	0	0	0	22	0	0	11	123	67	0	0	121	96	0	0	0	31	0	151	0	38	11	0	21	0	0
Alloscardovia	0	0	31	0	19	0	0	0	0	0	0	0	0	30	0	70	0	0	0	0	347	0	132	0	0	0	0	0	45	0	0	0	0	0	0	0	0	0	176	8	61	0	0	0	0	0	81	9	0	0	0
Methanobrevibacter	0	0	0	20	0	0	0	0	0	411	0	0	0	15	0	0	38	41	0	0	0	0	0	0	0	0	0	0	0	0	0	0	11	0	0	0	8	0	251	8	0	15	0	0	0	0	0	0	0	0	0
Pyramidobacter	0	0	0	0	0	80	0	0	269	0	116	94	0	30	0	0	0	0	0	0	0	15	0	0	0	0	0	0	0	0	0	0	78	11	0	0	0	0	12	0	41	0	0	0	0	38	0	0	0	0	0
Ureaplasma	0	0	31	247	9	0	143	34	11	0	0	0	14	0	92	0	0	41	10	9	21	0	0	0	13	11	0	6	11	0	0	0	0	0	0	11	0	37	0	0	0	0	11	0	0	0	11	0	0	7	0
Shuttleworthia	0	0	0	0	0	0	0	0	0	0	0	0	0	0	0	0	0	0	0	0	0	0	0	0	403	0	0	0	376	0	0	0	0	0	0	0	0	0	0	0	0	0	0	0	0	0	0	0	0	0	0
Acinetobacter	16	0	0	10	0	10	8	34	0	15	0	13	29	0	0	0	12	0	0	9	0	0	12	8	0	0	25	6	11	0	0	0	213	0	0	0	0	7	12	121	30	23	11	16	0	0	23	9	0	15	0
Treponema	0	0	0	0	0	0	0	0	0	15	428	0	0	0	0	0	0	0	0	0	0	0	0	0	13	0	0	0	0	0	0	0	0	0	0	0	0	0	0	0	0	0	0	0	0	216	11	0	0	7	0
Facklamia	0	0	0	0	109	10	0	11	0	0	0	0	0	0	0	0	0	0	21	9	10	15	0	0	0	0	92	13	216	0	9	0	11	0	0	0	0	0	0	25	20	0	0	0	0	0	0	0	0	0	0
Lactococcus	0	0	0	0	0	0	0	0	0	0	0	0	0	0	0	0	0	0	0	0	0	0	0	8	0	0	16	6	0	6	0	0	369	0	0	11	0	7	0	17	51	7	0	0	0	0	0	0	0	0	0
Aerococcus	0	0	0	0	9	0	0	0	0	0	0	0	0	0	0	0	0	0	21	0	0	15	0	0	0	0	0	0	0	0	0	0	0	33	0	0	0	7	0	8	123	31	0	84	116	0	0	0	10	7	0
Synergistes	49	0	0	0	9	0	0	0	0	47	0	26	14	90	0	0	0	0	0	0	0	0	0	0	0	0	0	0	0	0	0	0	0	0	0	0	0	0	88	0	0	0	59	0	25	0	0	0	0	0	0
Gemella	0	0	0	0	9	0	0	0	0	0	0	0	0	0	0	0	0	0	0	0	0	0	0	0	13	0	0	0	11	0	0	0	0	357	0	0	0	0	0	0	0	7	0	0	0	0	0	0	0	0	0
Adlercreutzia	16	0	0	0	19	0	0	0	0	15	0	26	0	60	13	0	25	13	0	19	0	0	0	34	0	0	0	0	11	0	0	0	11	0	23	0	8	7	37	0	0	0	0	0	12	0	0	9	0	0	10
Alistipes	65	0	0	0	0	0	17	0	0	0	12	40	0	60	0	17	0	0	0	0	0	0	0	0	0	11	0	0	45	0	0	0	0	11	0	0	0	0	12	0	0	0	35	0	38	0	0	0	0	0	0
Leptotrichia	0	0	0	0	0	0	0	0	0	0	0	0	0	0	0	0	0	0	0	0	0	0	0	0	169	0	0	0	171	0	9	0	0	0	0	0	0	0	0	0	0	0	0	0	0	0	11	0	0	0	0
Anoxybacillus	0	11	0	30	0	0	0	69	11	0	0	0	0	0	0	0	12	0	0	0	0	15	0	0	0	0	0	0	0	0	0	0	56	0	0	0	16	14	0	0	0	94	0	0	0	0	23	0	0	7	0
Holdemania	16	0	0	0	0	10	0	0	0	15	0	13	0	0	26	0	12	0	0	0	0	15	24	8	65	22	8	0	22	0	0	0	0	0	11	11	0	0	0	0	0	0	59	0	0	0	0	0	0	0	0
Dermabacter	0	0	0	0	0	0	0	0	0	0	0	0	0	0	0	0	0	13	0	134	10	0	0	0	0	0	0	0	0	0	0	0	0	0	0	0	0	0	0	0	0	174	0	0	0	0	0	0	0	0	0
Actinobaculum	0	68	0	164	9	0	0	0	0	0	0	0	0	0	13	0	12	0	0	9	0	0	0	0	0	0	0	0	0	0	0	0	0	0	0	0	8	0	0	0	0	0	0	8	0	0	0	0	0	0	0
Aggregatibacter	0	0	0	0	0	0	0	0	0	0	12	0	0	0	0	0	0	0	0	0	0	15	0	0	130	0	8	0	125	0	0	0	0	0	0	0	0	0	0	0	0	0	0	0	0	0	0	0	0	0	0
Anaerotruncus	0	0	0	0	9	0	0	0	0	31	0	0	0	0	13	0	0	0	0	0	0	15	0	8	0	0	0	0	0	0	0	0	0	0	47	0	0	0	0	0	0	0	155	0	0	0	0	0	0	0	0