ASV_1	otu005286	93.540	387	19	6	1	383	763	1147	7.72e-163	571
ASV_2	otu018461	98.118	372	7	0	1	372	786	1157	0.0	649
ASV_3	otu007179	98.925	372	4	0	1	372	790	1161	0.0	665
ASV_4	otu012897	99.462	372	2	0	1	372	790	1161	0.0	676
ASV_6	otu007781	98.387	372	6	0	1	372	790	1161	0.0	654
ASV_7	otu002199	97.838	370	8	0	1	370	787	1156	0.0	640
ASV_8	otu014834	100.000	385	0	0	1	385	769	1153	0.0	712
ASV_9	otu000228	100.000	377	0	0	1	377	770	1146	0.0	697
ASV_10	otu009558	98.158	380	7	0	1	380	736	1115	0.0	664
ASV_11	otu016370	97.849	372	8	0	1	372	789	1160	0.0	643
ASV_12	otu016828	97.808	365	8	0	1	365	787	1151	1.21e-180	630
ASV_13	otu016919	99.468	376	2	0	1	376	790	1165	0.0	684
ASV_14	otu007781	98.387	372	6	0	1	372	790	1161	0.0	654
ASV_15	otu013672	100.000	380	0	0	1	380	742	1121	0.0	702
ASV_16	otu016598	98.442	385	6	0	1	385	768	1152	0.0	678
ASV_17	otu007781	98.656	372	5	0	1	372	790	1161	0.0	660
ASV_18	otu018143	97.625	379	5	4	1	377	770	1146	0.0	647
ASV_19	otu018143	96.570	379	9	4	1	377	770	1146	5.74e-179	625
ASV_20	otu017740	100.000	377	0	0	1	377	767	1143	0.0	697
ASV_21	otu014905	100.000	377	0	0	1	377	771	1147	0.0	697
ASV_22	otu000374	96.842	380	12	0	1	380	738	1117	0.0	636
ASV_23	otu007716	100.000	377	0	0	1	377	771	1147	0.0	697
ASV_24	otu014875	98.148	378	7	0	1	378	742	1119	0.0	660
ASV_25	otu014227	95.000	380	14	5	1	377	770	1147	5.83e-169	592
ASV_26	otu014227	95.263	380	13	5	1	377	770	1147	1.25e-170	597
ASV_27	otu017752	100.000	380	0	0	1	380	742	1121	0.0	702
ASV_28	otu001134	95.767	378	14	1	1	376	783	1160	5.77e-174	608
ASV_29	otu009558	97.632	380	9	0	1	380	736	1115	0.0	652
ASV_30	otu015589	98.925	372	4	0	1	372	786	1157	0.0	665
ASV_31	otu000228	99.204	377	3	0	1	377	770	1146	0.0	680
ASV_32	otu018461	98.387	372	6	0	1	372	786	1157	0.0	654
ASV_33	otu000461	93.351	376	25	0	1	376	792	1167	2.12e-158	556
ASV_34	otu014822	94.987	379	15	4	1	377	772	1148	5.83e-169	592
ASV_35	otu007575	93.122	378	21	3	1	377	792	1165	3.56e-156	549
ASV_36	otu014917	98.656	372	5	0	1	372	790	1161	0.0	660
ASV_37	otu000461	93.351	376	25	0	1	376	792	1167	2.12e-158	556
ASV_38	otu014917	98.656	372	5	0	1	372	790	1161	0.0	660
ASV_39	otu007781	98.656	372	5	0	1	372	790	1161	0.0	660
ASV_40	otu006013	88.591	298	28	6	59	353	803	1097	2.25e-98	357
ASV_41	otu011049	98.387	372	6	0	1	372	792	1163	0.0	654
ASV_42	otu018143	98.674	377	5	0	1	377	770	1146	0.0	669
ASV_43	otu018019	100.000	379	0	0	1	379	805	1183	0.0	701
ASV_44	otu018461	100.000	372	0	0	1	372	786	1157	0.0	688
ASV_45	otu012753	98.939	377	4	0	1	377	770	1146	0.0	675
ASV_46	otu000461	98.936	376	4	0	1	376	792	1167	0.0	673
ASV_47	otu017473	100.000	376	0	0	1	376	788	1163	0.0	695
ASV_48	otu011307	100.000	380	0	0	1	380	738	1117	0.0	702
ASV_49	otu012753	98.408	377	6	0	1	377	770	1146	0.0	664
ASV_50	otu014917	98.118	372	7	0	1	372	790	1161	0.0	649
ASV_51	otu013398	99.189	370	3	0	1	370	785	1154	0.0	667
ASV_52	otu005934	97.606	376	9	0	1	376	769	1144	0.0	645
ASV_53	otu016958	98.417	379	6	0	1	379	784	1162	0.0	667
ASV_54	otu000922	91.885	382	28	3	1	380	806	1186	1.30e-150	531
ASV_55	otu013694	98.925	372	4	0	1	372	787	1158	0.0	665
ASV_56	otu008140	98.143	377	7	0	1	377	738	1114	0.0	658
ASV_57	otu016370	98.925	372	4	0	1	372	789	1160	0.0	665
ASV_58	otu007781	98.387	372	6	0	1	372	790	1161	0.0	654
ASV_59	otu006042	100.000	375	0	0	1	375	770	1144	0.0	693
ASV_60	otu007781	98.387	372	6	0	1	372	790	1161	0.0	654
ASV_61	otu014016	98.396	374	2	4	1	372	790	1161	0.0	654
ASV_62	otu012522	100.000	380	0	0	1	380	738	1117	0.0	702
ASV_63	otu009290	98.667	375	5	0	1	375	737	1111	0.0	665
ASV_64	otu006590	91.906	383	26	5	1	380	806	1186	1.30e-150	531
ASV_65	otu008016	97.090	378	11	0	1	378	742	1119	0.0	638
ASV_66	otu006628	92.126	381	26	4	1	379	737	1115	1.00e-151	534
ASV_67	otu017829	100.000	378	0	0	1	378	790	1167	0.0	699
ASV_68	otu012889	93.651	378	20	3	1	375	738	1114	4.57e-160	562
ASV_69	otu010583	99.206	378	3	0	1	378	769	1146	0.0	682
ASV_70	otu014189	98.681	379	5	0	1	379	796	1174	0.0	673
ASV_71	otu001398	100.000	380	0	0	1	380	740	1119	0.0	702
ASV_72	otu013346	100.000	376	0	0	1	376	788	1163	0.0	695
ASV_73	otu011049	98.925	372	4	0	1	372	792	1163	0.0	665
ASV_74	otu013672	99.737	380	1	0	1	380	742	1121	0.0	697
ASV_75	otu017473	99.734	376	1	0	1	376	788	1163	0.0	689
ASV_76	otu015959	99.736	379	1	0	1	379	796	1174	0.0	695
ASV_77	otu000461	99.202	376	3	0	1	376	792	1167	0.0	678
ASV_78	otu005822	86.517	356	39	8	1	353	747	1096	3.72e-106	383
ASV_79	otu018461	97.849	372	8	0	1	372	786	1157	0.0	643
ASV_80	otu017664	99.736	379	1	0	1	379	796	1174	0.0	695
ASV_81	otu013214	91.099	382	28	4	1	379	809	1187	4.69e-145	512
ASV_82	otu016857	94.315	387	14	7	1	383	762	1144	2.76e-167	586
ASV_83	otu016859	98.387	372	6	0	1	372	790	1161	0.0	654
ASV_84	otu000922	90.838	382	32	3	1	380	806	1186	6.09e-144	508
ASV_85	otu012492	99.731	372	1	0	1	372	790	1161	0.0	682
ASV_86	otu011444	98.939	377	4	0	1	377	768	1144	0.0	675
ASV_87	otu006042	99.467	375	2	0	1	375	770	1144	0.0	682
ASV_88	otu000922	91.099	382	31	3	1	380	806	1186	1.31e-145	514
ASV_89	otu000461	98.138	376	7	0	1	376	792	1167	0.0	656
ASV_90	otu014729	99.735	378	1	0	1	378	790	1167	0.0	693
ASV_91	otu000922	91.361	382	30	3	1	380	806	1186	2.81e-147	520
ASV_92	otu014227	95.263	380	13	5	1	377	770	1147	1.25e-170	597
ASV_93	otu009610	98.153	379	7	0	1	379	798	1176	0.0	662
ASV_94	otu007781	97.581	372	9	0	1	372	790	1161	0.0	638
ASV_95	otu014905	95.503	378	15	2	1	377	771	1147	2.69e-172	603
ASV_96	otu008140	98.942	378	2	2	1	377	738	1114	0.0	675
ASV_97	otu018461	97.849	372	8	0	1	372	786	1157	0.0	643
ASV_98	otu016854	99.462	372	2	0	1	372	767	1138	0.0	676
ASV_99	otu014917	97.581	372	9	0	1	372	790	1161	0.0	638
ASV_100	otu004705	100.000	372	0	0	1	372	788	1159	0.0	688
ASV_101	otu016423	89.501	381	39	1	1	381	804	1183	1.33e-135	481
ASV_102	otu000461	91.755	376	31	0	1	376	792	1167	2.15e-148	523
ASV_103	otu008615	100.000	380	0	0	1	380	736	1115	0.0	702
ASV_104	otu000528	100.000	376	0	0	1	376	790	1165	0.0	695
ASV_105	otu011418	98.939	377	4	0	1	377	738	1114	0.0	675
ASV_106	otu017159	99.221	385	3	0	1	385	769	1153	0.0	695
ASV_107	otu007781	97.312	372	10	0	1	372	790	1161	0.0	632
ASV_108	otu011488	99.737	380	1	0	1	380	738	1117	0.0	697
ASV_109	otu010583	97.619	378	8	1	1	377	769	1146	0.0	647
ASV_110	otu014077	87.831	378	37	8	1	373	812	1185	1.04e-121	435
ASV_111	otu018461	98.118	372	7	0	1	372	786	1157	0.0	649
ASV_112	otu002623	98.936	376	4	0	1	376	794	1169	0.0	673
ASV_113	otu016958	99.472	379	2	0	1	379	784	1162	0.0	689
ASV_114	otu016423	99.474	380	2	0	1	380	804	1183	0.0	691
ASV_115	otu012492	98.387	372	6	0	1	372	790	1161	0.0	654
ASV_116	otu010583	100.000	378	0	0	1	378	769	1146	0.0	699
ASV_117	otu006933	99.204	377	3	0	1	377	768	1144	0.0	680
ASV_118	otu017128	100.000	376	0	0	1	376	790	1165	0.0	695
ASV_119	otu000461	99.202	376	3	0	1	376	792	1167	0.0	678
ASV_120	otu011217	99.469	377	1	1	1	376	772	1148	0.0	684
ASV_121	otu002924	89.295	383	33	8	1	379	806	1184	2.21e-133	473
ASV_122	otu005765	87.263	369	37	10	1	364	760	1123	4.85e-115	412
ASV_123	otu007781	97.581	372	9	0	1	372	790	1161	0.0	638
ASV_124	otu000922	90.838	382	32	3	1	380	806	1186	6.09e-144	508
ASV_125	otu005286	94.588	388	18	3	1	388	763	1147	1.29e-170	597
ASV_126	otu016110	95.479	376	16	1	1	375	781	1156	3.46e-171	599
ASV_127	otu007781	98.118	372	7	0	1	372	790	1161	0.0	649
ASV_128	otu018461	97.855	373	6	2	1	372	786	1157	0.0	643
ASV_129	otu009558	97.368	380	10	0	1	380	736	1115	0.0	647
ASV_130	otu000922	92.147	382	27	3	1	380	806	1186	2.79e-152	536
ASV_132	otu000161	97.849	372	8	0	1	372	788	1159	0.0	643
ASV_133	otu015959	99.208	379	3	0	1	379	796	1174	0.0	684
ASV_134	otu017619	98.421	380	6	0	1	380	736	1115	0.0	669
ASV_135	otu005286	96.883	385	12	0	1	385	763	1147	0.0	645
ASV_136	otu013694	99.731	372	1	0	1	372	787	1158	0.0	682
ASV_137	otu016110	93.995	383	15	2	1	382	781	1156	2.14e-163	573
ASV_138	otu014905	95.238	378	16	2	1	377	771	1147	1.25e-170	597
ASV_140	otu003890	97.632	380	9	0	1	380	740	1119	0.0	652
ASV_141	otu015939	98.656	372	5	0	1	372	785	1156	0.0	660
ASV_142	otu012889	93.651	378	20	3	1	375	738	1114	4.57e-160	562
ASV_143	otu018010	92.388	381	23	4	1	378	790	1167	7.72e-153	538
ASV_144	otu016370	98.387	372	6	0	1	372	789	1160	0.0	654
ASV_145	otu015911	98.925	372	4	0	1	372	786	1157	0.0	665
ASV_146	otu000922	90.052	382	35	3	1	380	806	1186	6.13e-139	492
ASV_147	otu009290	98.933	375	4	0	1	375	737	1111	0.0	671
ASV_148	otu000374	98.684	380	5	0	1	380	738	1117	0.0	675
ASV_149	otu017740	99.469	377	2	0	1	377	767	1143	0.0	686
ASV_150	otu007781	97.849	372	8	0	1	372	790	1161	0.0	643
ASV_151	otu000232	85.593	354	47	4	1	352	747	1098	1.02e-101	368
ASV_152	otu018209	99.474	380	2	0	1	380	796	1175	0.0	691
ASV_153	otu000461	99.202	376	3	0	1	376	792	1167	0.0	678
ASV_154	otu012753	98.939	377	4	0	1	377	770	1146	0.0	675
ASV_155	otu016110	96.552	377	10	3	1	375	781	1156	7.39e-178	621
ASV_156	otu017093	96.552	377	13	0	1	377	737	1113	5.74e-179	625
ASV_157	otu018054	99.211	380	3	0	1	380	740	1119	0.0	686
ASV_158	otu007000	98.408	377	6	0	1	377	768	1144	0.0	664
ASV_159	otu011115	99.481	385	2	0	1	385	769	1153	0.0	701
ASV_160	otu010547	98.939	377	4	0	1	377	739	1115	0.0	675
ASV_161	otu010077	89.067	375	38	3	1	373	786	1159	4.71e-130	462
ASV_162	otu008953	89.501	381	35	5	1	380	740	1116	1.72e-134	477
ASV_163	otu005765	88.076	369	34	10	1	364	760	1123	4.82e-120	429
ASV_164	otu000461	94.164	377	21	1	1	377	792	1167	2.11e-163	573
ASV_165	otu013398	98.649	370	5	0	1	370	785	1154	0.0	656
ASV_166	otu007781	98.656	372	5	0	1	372	790	1161	0.0	660
ASV_167	otu018461	98.387	372	6	0	1	372	786	1157	0.0	654
ASV_168	otu009420	90.374	374	34	2	1	373	790	1162	2.16e-138	490
ASV_169	otu016370	98.118	372	7	0	1	372	789	1160	0.0	649
ASV_170	otu009867	96.850	381	12	0	1	381	737	1117	0.0	638
ASV_171	otu005934	97.347	377	8	2	1	376	769	1144	0.0	640
ASV_172	otu018208	100.000	379	0	0	1	379	801	1179	0.0	701
ASV_173	otu017768	97.354	378	10	0	1	378	807	1184	0.0	643
ASV_174	otu014834	99.481	385	2	0	1	385	769	1153	0.0	701
ASV_175	otu015939	98.118	372	7	0	1	372	785	1156	0.0	649
ASV_176	otu000048	98.947	380	4	0	1	380	740	1119	0.0	680
ASV_177	otu013398	99.459	370	2	0	1	370	785	1154	0.0	673
ASV_178	otu016958	98.153	379	7	0	1	379	784	1162	0.0	662
ASV_179	otu012019	100.000	380	0	0	1	380	740	1119	0.0	702
ASV_180	otu001813	88.556	367	37	5	1	364	770	1134	2.23e-123	440
ASV_181	otu000461	98.936	376	4	0	1	376	792	1167	0.0	673
ASV_182	otu001417	98.148	378	7	0	1	378	740	1117	0.0	660
ASV_183	otu000922	91.099	382	31	3	1	380	806	1186	1.31e-145	514
ASV_184	otu009704	96.842	380	10	2	1	379	796	1174	0.0	634
ASV_185	otu014016	98.118	372	7	0	1	372	790	1161	0.0	649
ASV_186	otu014822	94.709	378	18	2	1	377	772	1148	2.71e-167	586
ASV_187	otu011049	98.118	372	7	0	1	372	792	1163	0.0	649
ASV_188	otu017401	99.737	380	1	0	1	380	742	1121	0.0	697
ASV_189	otu009290	98.400	375	6	0	1	375	737	1111	0.0	660
ASV_190	otu018054	99.474	380	2	0	1	380	740	1119	0.0	691
ASV_191	otu010077	89.894	376	33	5	1	373	786	1159	4.68e-135	479
ASV_192	otu007781	98.387	372	5	1	1	371	790	1161	0.0	652
ASV_193	otu004025	97.884	378	8	0	1	378	770	1147	0.0	654
ASV_194	otu012183	86.226	363	42	8	1	358	747	1106	2.80e-107	387
ASV_195	otu004354	93.915	378	23	0	1	378	373	750	7.61e-163	571
ASV_196	otu002758	94.301	386	13	6	1	385	772	1149	3.59e-166	582
ASV_197	otu006917	95.238	378	16	2	1	377	735	1111	1.26e-170	597
ASV_198	otu018305	96.063	381	11	4	1	379	773	1151	9.67e-177	617
ASV_199	otu009290	97.333	375	10	0	1	375	737	1111	0.0	638
ASV_200	otu000232	86.479	355	42	6	1	352	747	1098	1.01e-106	385
ASV_201	otu015939	98.387	372	6	0	1	372	785	1156	0.0	654
ASV_202	otu018319	100.000	378	0	0	1	378	792	1169	0.0	699
ASV_203	otu000461	93.085	376	26	0	1	376	792	1167	9.86e-157	551
ASV_204	otu007190	88.828	367	41	0	1	367	789	1155	1.02e-126	451
ASV_205	otu012183	84.848	363	45	9	1	356	747	1106	2.18e-98	357
ASV_206	otu017035	98.684	380	5	0	1	380	742	1121	0.0	675
ASV_207	otu015357	96.021	377	15	0	1	377	740	1116	1.24e-175	614
ASV_208	otu014834	98.961	385	4	0	1	385	769	1153	0.0	689
ASV_209	otu018037	100.000	378	0	0	1	378	769	1146	0.0	699
ASV_210	otu016423	89.005	382	39	3	1	381	804	1183	2.88e-132	470
ASV_211	otu000374	98.158	380	7	0	1	380	738	1117	0.0	664
ASV_212	otu007781	98.118	372	7	0	1	372	790	1161	0.0	649
ASV_213	otu000461	98.670	376	5	0	1	376	792	1167	0.0	667
ASV_214	otu017101	92.348	379	25	4	1	378	788	1163	2.78e-152	536
ASV_215	otu000228	98.674	377	5	0	1	377	770	1146	0.0	669
ASV_216	otu000232	86.197	355	43	6	1	352	747	1098	4.72e-105	379
ASV_217	otu008536	100.000	378	0	0	1	378	786	1163	0.0	699
ASV_218	otu012183	85.475	358	40	10	1	352	747	1098	4.75e-100	363
ASV_219	otu016958	99.208	379	3	0	1	379	784	1162	0.0	684
ASV_220	otu007781	97.312	372	10	0	1	372	790	1161	0.0	632
ASV_221	otu016659	96.570	379	13	0	1	379	788	1166	4.47e-180	628
ASV_222	otu017101	92.612	379	24	4	1	378	788	1163	5.97e-154	542
ASV_223	otu010077	89.037	374	40	1	1	373	786	1159	4.71e-130	462
ASV_224	otu012753	100.000	377	0	0	1	377	770	1146	0.0	697
ASV_225	otu002423	88.482	382	38	5	1	379	804	1182	2.23e-128	457
ASV_226	otu017335	96.552	377	13	0	1	377	769	1145	5.74e-179	625
ASV_227	otu000461	99.468	376	2	0	1	376	792	1167	0.0	684
ASV_228	otu016991	95.174	373	16	2	1	372	792	1163	7.43e-168	588
ASV_229	otu012034	90.551	381	35	1	1	380	806	1186	2.83e-142	503
ASV_230	otu006396	89.488	371	31	8	1	366	788	1155	4.69e-130	462
ASV_231	otu008252	100.000	376	0	0	1	376	788	1163	0.0	695
ASV_232	otu012889	97.632	380	9	0	1	380	738	1117	0.0	652
ASV_233	otu015959	100.000	379	0	0	1	379	796	1174	0.0	701
ASV_234	otu018461	98.118	372	7	0	1	372	786	1157	0.0	649
ASV_235	otu010914	98.143	377	7	0	1	377	768	1144	0.0	658
ASV_236	otu004391	90.501	379	32	3	1	378	800	1175	1.31e-140	497
ASV_237	otu018461	98.656	372	5	0	1	372	786	1157	0.0	660
ASV_238	otu007238	99.474	380	2	0	1	380	742	1121	0.0	691
ASV_239	otu018209	98.947	380	4	0	1	380	796	1175	0.0	680
ASV_240	otu016110	95.822	383	9	4	1	383	781	1156	4.55e-175	612
ASV_241	otu016029	92.084	379	29	1	1	378	790	1168	3.59e-151	532
ASV_242	otu015959	99.472	379	2	0	1	379	796	1174	0.0	689
ASV_243	otu018143	99.204	377	3	0	1	377	770	1146	0.0	680
ASV_244	otu007000	98.143	377	7	0	1	377	768	1144	0.0	658
ASV_245	otu013202	92.651	381	21	6	1	378	792	1168	5.97e-154	542
ASV_246	otu018442	100.000	377	0	0	1	377	807	1183	0.0	697
ASV_247	otu002623	97.872	376	8	0	1	376	794	1169	0.0	651
ASV_248	otu000374	96.316	380	8	5	1	377	738	1114	2.69e-177	619
ASV_249	otu002423	89.529	382	34	5	1	379	804	1182	4.76e-135	479
ASV_250	otu012034	91.601	381	31	1	1	380	806	1186	6.04e-149	525
ASV_251	otu015939	98.656	372	5	0	1	372	785	1156	0.0	660
ASV_252	otu017664	97.625	379	9	0	1	379	796	1174	0.0	651
ASV_253	otu007781	98.387	372	6	0	1	372	790	1161	0.0	654
ASV_254	otu000922	91.623	382	29	3	1	380	806	1186	6.04e-149	525
ASV_255	otu017701	94.180	378	21	1	1	377	790	1167	5.87e-164	575
ASV_256	otu017335	96.286	377	14	0	1	377	769	1145	2.67e-177	619
ASV_257	otu008140	100.000	377	0	0	1	377	738	1114	0.0	697
ASV_258	otu015243	98.378	370	6	0	1	370	785	1154	0.0	651
ASV_259	otu000461	93.883	376	23	0	1	376	792	1167	9.79e-162	568
ASV_260	otu015572	92.913	381	22	5	1	379	750	1127	3.58e-156	549
ASV_261	otu012753	99.469	377	2	0	1	377	770	1146	0.0	686
ASV_262	otu018305	93.931	379	23	0	1	379	773	1151	2.12e-163	573
ASV_263	otu010914	97.878	377	8	0	1	377	768	1144	0.0	652
ASV_264	otu000154	94.430	377	21	0	1	377	774	1150	1.26e-165	580
ASV_265	otu000461	98.936	376	4	0	1	376	792	1167	0.0	673
ASV_266	otu005154	99.481	385	1	1	1	384	770	1154	0.0	699
ASV_267	otu018060	93.867	375	19	4	1	373	739	1111	4.56e-160	562
ASV_268	otu016707	96.000	375	15	0	1	375	737	1111	1.60e-174	610
ASV_269	otu008140	98.939	377	4	0	1	377	738	1114	0.0	675
ASV_270	otu000232	85.915	355	44	6	1	352	747	1098	2.19e-103	374
ASV_271	otu004391	97.872	376	8	0	1	376	800	1175	0.0	651
ASV_272	otu010077	89.362	376	35	4	1	373	786	1159	1.01e-131	468
ASV_273	otu017454	99.471	378	2	0	1	378	769	1146	0.0	688
ASV_274	otu012753	98.674	377	5	0	1	377	770	1146	0.0	669
ASV_275	otu000922	91.361	382	30	3	1	380	806	1186	2.81e-147	520
ASV_276	otu000461	97.347	377	8	2	1	376	792	1167	0.0	640
ASV_277	otu011217	95.491	377	16	1	1	376	772	1148	9.65e-172	601
ASV_278	otu008140	96.552	377	13	0	1	377	738	1114	5.74e-179	625
ASV_279	otu007000	97.613	377	9	0	1	377	768	1144	0.0	647
ASV_280	otu014585	95.251	379	18	0	1	379	737	1115	9.74e-172	601
ASV_281	otu013528	93.701	381	22	2	1	380	775	1154	2.75e-162	569
ASV_282	otu008140	96.021	377	15	0	1	377	738	1114	1.24e-175	614
ASV_283	otu000461	98.408	377	4	2	1	376	792	1167	0.0	662
ASV_284	otu006042	96.021	377	11	4	1	375	770	1144	1.60e-174	610
ASV_285	otu000461	99.468	376	2	0	1	376	792	1167	0.0	684
ASV_286	otu006628	92.388	381	25	4	1	379	737	1115	2.15e-153	540
ASV_287	otu005099	95.442	373	15	2	1	372	790	1161	1.60e-169	593
ASV_288	otu004391	91.799	378	29	2	1	378	800	1175	6.01e-149	525
ASV_289	otu014873	99.736	379	1	0	1	379	773	1151	0.0	695
ASV_290	otu014585	94.195	379	22	0	1	379	737	1115	4.56e-165	579
ASV_291	otu013347	98.681	379	5	0	1	379	796	1174	0.0	673
ASV_292	otu008140	96.552	377	13	0	1	377	738	1114	5.74e-179	625
ASV_293	otu015911	100.000	372	0	0	1	372	786	1157	0.0	688
ASV_294	otu000461	92.819	376	27	0	1	376	792	1167	4.59e-155	545
ASV_295	otu009874	95.699	372	16	0	1	372	752	1123	3.43e-171	599
ASV_296	otu015946	100.000	380	0	0	1	380	735	1114	0.0	702
ASV_297	otu004391	94.987	379	14	4	1	377	800	1175	2.10e-168	590
ASV_298	otu008615	99.474	380	2	0	1	380	736	1115	0.0	691
ASV_299	otu006013	87.978	366	41	3	1	364	748	1112	4.66e-120	429
ASV_300	otu008824	92.350	366	27	1	1	365	758	1123	2.79e-147	520
ASV_301	otu004354	94.180	378	22	0	1	378	373	750	1.64e-164	577
ASV_302	otu000733	89.544	373	38	1	1	372	788	1160	7.81e-133	472
ASV_303	otu015782	98.674	377	5	0	1	377	768	1144	0.0	669
ASV_304	otu008720	91.076	381	27	7	1	378	738	1114	6.05e-144	508
ASV_305	otu008824	92.896	366	25	1	1	365	758	1123	1.29e-150	531
ASV_306	otu011682	96.552	377	13	0	1	377	737	1113	5.79e-179	625
ASV_307	otu007074	98.143	377	5	2	1	375	771	1147	0.0	656
ASV_308	otu012183	85.675	363	46	5	1	360	747	1106	1.70e-104	377
ASV_309	otu017005	86.813	364	40	8	1	360	748	1107	3.62e-111	399
ASV_310	otu017850	100.000	378	0	0	1	378	790	1167	0.0	699
ASV_311	otu018054	91.979	374	29	1	1	373	740	1113	2.16e-148	523
ASV_312	otu015469	98.667	375	5	0	1	375	739	1113	0.0	665
ASV_313	otu005822	86.441	354	37	11	1	347	747	1096	1.68e-104	377
ASV_314	otu017963	100.000	385	0	0	1	385	769	1153	0.0	712
ASV_315	otu007781	98.387	372	6	0	1	372	790	1161	0.0	654
ASV_316	otu013301	97.340	376	10	0	1	376	768	1143	0.0	640
ASV_317	otu008972	99.202	376	3	0	1	376	734	1109	0.0	678
ASV_318	otu015940	98.670	376	5	0	1	376	769	1144	0.0	667
ASV_319	otu005242	97.638	381	8	1	1	380	806	1186	0.0	652
ASV_320	otu000681	93.369	377	23	2	1	375	771	1147	2.11e-158	556
ASV_321	otu018161	99.734	376	0	1	1	375	771	1146	0.0	688
ASV_322	otu011682	97.347	377	10	0	1	377	737	1113	0.0	641
ASV_323	otu004391	94.695	377	18	2	1	376	800	1175	9.72e-167	584
ASV_324	otu018461	98.656	372	5	0	1	372	786	1157	0.0	660
ASV_325	otu006562	91.799	378	27	4	1	376	740	1115	2.16e-148	523
ASV_326	otu005765	88.315	368	35	8	1	364	760	1123	1.04e-121	435
ASV_327	otu000461	98.670	376	5	0	1	376	792	1167	0.0	667
ASV_328	otu003053	99.194	372	3	0	1	372	788	1159	0.0	671
ASV_329	otu010077	89.305	374	39	1	1	373	786	1159	1.01e-131	468
ASV_330	otu003053	100.000	372	0	0	1	372	788	1159	0.0	688
ASV_331	otu008140	96.552	377	13	0	1	377	738	1114	5.74e-179	625
ASV_332	otu000232	85.359	362	49	4	1	360	747	1106	7.89e-103	372
ASV_333	otu014541	94.987	379	18	1	1	379	787	1164	1.63e-169	593
ASV_334	otu006396	93.566	373	24	0	1	373	788	1160	2.10e-158	556
ASV_335	otu016430	91.270	378	30	2	1	378	735	1109	4.68e-145	512
ASV_336	otu015357	96.825	378	10	2	1	377	740	1116	1.23e-180	630
ASV_337	otu012034	90.601	383	31	3	1	380	806	1186	2.83e-142	503
ASV_338	otu014016	98.925	372	4	0	1	372	790	1161	0.0	665
ASV_339	otu008140	97.878	377	8	0	1	377	738	1114	0.0	652
ASV_340	otu011310	100.000	384	0	0	1	384	770	1153	0.0	710
ASV_341	otu017005	86.813	364	40	8	1	360	748	1107	3.62e-111	399
ASV_342	otu009874	95.968	372	15	0	1	372	752	1123	7.38e-173	604
ASV_343	otu012034	90.026	381	37	1	1	380	806	1186	6.13e-139	492
ASV_344	otu009607	97.105	380	9	2	1	379	796	1174	0.0	640
ASV_345	otu010914	97.613	377	8	1	1	376	768	1144	0.0	645
ASV_346	otu014822	94.709	378	18	2	1	377	772	1148	2.71e-167	586
ASV_347	otu000461	91.223	376	33	0	1	376	792	1167	4.65e-145	512
ASV_348	otu010077	91.200	375	30	3	1	373	786	1159	2.15e-143	507
ASV_349	otu015357	96.021	377	15	0	1	377	740	1116	1.24e-175	614
ASV_350	otu018461	97.312	372	10	0	1	372	786	1157	0.0	632
ASV_351	otu000922	100.000	381	0	0	1	381	806	1186	0.0	704
ASV_352	otu001813	88.283	367	38	5	1	364	770	1134	1.04e-121	435
ASV_353	otu006042	95.733	375	16	0	1	375	770	1144	7.44e-173	604
ASV_354	otu013058	99.206	378	3	0	1	378	799	1176	0.0	682
ASV_355	otu008824	92.857	378	26	1	1	377	758	1135	1.28e-155	547
ASV_356	otu009633	89.446	379	36	4	1	378	770	1145	6.14e-134	475
ASV_357	otu017035	98.947	380	4	0	1	380	742	1121	0.0	680
ASV_358	otu018461	97.581	372	9	0	1	372	786	1157	0.0	638
ASV_359	otu015357	97.090	378	9	2	1	377	740	1116	0.0	636
ASV_360	otu000461	98.138	376	7	0	1	376	792	1167	0.0	656
ASV_361	otu006521	98.153	379	7	0	1	379	790	1168	0.0	662
ASV_362	otu000461	99.468	376	2	0	1	376	792	1167	0.0	684
ASV_363	otu016409	93.404	379	25	0	1	379	800	1178	4.59e-160	562
ASV_364	otu018305	94.459	379	21	0	1	379	773	1151	9.81e-167	584
ASV_365	otu016341	95.467	375	17	0	1	375	739	1113	3.46e-171	599
ASV_366	otu016110	93.211	383	18	5	1	382	781	1156	2.16e-158	556
ASV_367	otu017240	91.579	380	26	6	1	378	791	1166	2.80e-147	520
ASV_368	otu017335	97.082	377	11	0	1	377	769	1145	0.0	636
ASV_369	otu008140	98.143	377	7	0	1	377	738	1114	0.0	658
ASV_370	otu006134	90.476	378	35	1	1	378	809	1185	1.31e-140	497
ASV_371	otu000202	95.251	379	18	0	1	379	796	1174	9.74e-172	601
ASV_372	otu010914	98.408	377	6	0	1	377	768	1144	0.0	664
ASV_373	otu016423	89.501	381	39	1	1	381	804	1183	1.33e-135	481
ASV_374	otu012034	89.764	381	38	1	1	380	806	1186	2.85e-137	486
ASV_375	otu018010	92.632	380	24	3	1	378	790	1167	1.66e-154	544
ASV_376	otu017576	100.000	379	0	0	1	379	803	1181	0.0	701
ASV_377	otu015357	95.503	378	16	1	1	378	740	1116	2.70e-172	603
ASV_378	otu005934	96.817	377	10	2	1	376	769	1144	4.43e-180	628
ASV_379	otu007600	96.325	381	12	2	1	380	739	1118	5.79e-179	625
ASV_380	otu017116	98.684	380	5	0	1	380	738	1117	0.0	675
ASV_381	otu005765	88.076	369	34	10	1	364	760	1123	4.82e-120	429
ASV_382	otu015357	95.778	379	13	3	1	378	740	1116	5.80e-174	608
ASV_383	otu000461	98.670	376	5	0	1	376	792	1167	0.0	667
ASV_384	otu000922	91.099	382	31	3	1	380	806	1186	1.31e-145	514
ASV_385	otu015122	96.053	380	15	0	1	380	741	1120	2.70e-177	619
ASV_386	otu005822	89.899	297	26	4	59	353	802	1096	4.81e-105	379
ASV_387	otu015357	96.042	379	12	3	1	378	740	1116	1.25e-175	614
ASV_388	otu004025	97.619	378	9	0	1	378	770	1147	0.0	649
ASV_389	otu007478	97.632	380	9	0	1	380	738	1117	0.0	652
ASV_390	otu012492	98.656	372	5	0	1	372	790	1161	0.0	660
ASV_391	otu017319	97.043	372	11	0	1	372	767	1138	1.57e-179	627
ASV_392	otu016423	92.632	380	28	0	1	380	804	1183	1.29e-155	547
ASV_393	otu017171	99.472	379	2	0	1	379	796	1174	0.0	689
ASV_394	otu004025	97.368	380	6	2	1	378	770	1147	0.0	643
ASV_395	otu012183	86.704	361	44	4	1	358	747	1106	1.29e-110	398
ASV_396	otu015782	95.767	378	14	2	1	377	768	1144	5.79e-174	608
ASV_397	otu018163	100.000	385	0	0	1	385	772	1156	0.0	712
ASV_398	otu000461	92.553	376	28	0	1	376	792	1167	2.13e-153	540
ASV_399	otu016695	92.368	380	24	5	1	378	784	1160	2.78e-152	536
ASV_400	otu002758	95.596	386	8	4	1	385	772	1149	1.65e-174	610
ASV_401	otu000461	99.734	376	1	0	1	376	792	1167	0.0	689
ASV_402	otu008140	96.286	377	14	0	1	377	738	1114	2.67e-177	619
ASV_403	otu008536	99.206	378	3	0	1	378	786	1163	0.0	682
ASV_404	otu001312	90.789	380	31	4	1	378	770	1147	7.83e-143	505
ASV_405	otu017473	99.468	376	2	0	1	376	788	1163	0.0	684
ASV_406	otu018461	97.587	373	7	2	1	372	786	1157	0.0	638
ASV_407	otu017454	99.735	378	1	0	1	378	769	1146	0.0	693
ASV_408	otu016828	97.003	367	11	0	1	367	787	1153	9.42e-177	617
ASV_409	otu004354	94.180	378	22	0	1	378	373	750	1.64e-164	577
ASV_410	otu010921	99.468	376	2	0	1	376	736	1111	0.0	684
ASV_411	otu000202	94.987	379	19	0	1	379	796	1174	4.53e-170	595
ASV_412	otu017116	100.000	380	0	0	1	380	738	1117	0.0	702
ASV_413	otu003408	97.347	377	10	0	1	377	734	1110	0.0	641
ASV_414	otu004604	99.740	385	1	0	1	385	767	1151	0.0	706
ASV_415	otu014950	99.468	376	0	2	1	376	770	1143	0.0	682
ASV_416	otu013570	97.354	378	9	1	1	377	772	1149	0.0	641
ASV_417	otu006917	95.000	380	17	2	1	379	735	1113	4.53e-170	595
ASV_418	otu014917	97.855	373	6	2	1	372	790	1161	0.0	643
ASV_419	otu000202	94.459	379	21	0	1	379	796	1174	9.81e-167	584
ASV_420	otu007781	99.194	372	3	0	1	372	790	1161	0.0	671
ASV_421	otu012842	99.462	372	2	0	1	372	786	1157	0.0	676
ASV_422	otu016919	98.670	376	5	0	1	376	790	1165	0.0	667
ASV_423	otu000461	98.670	376	5	0	1	376	792	1167	0.0	667
ASV_424	otu000461	92.819	376	27	0	1	376	792	1167	4.59e-155	545
ASV_425	otu005242	99.738	381	1	0	1	381	806	1186	0.0	699
ASV_426	otu009607	98.158	380	5	2	1	379	796	1174	0.0	662
ASV_427	otu014905	96.021	377	15	0	1	377	771	1147	1.24e-175	614
ASV_428	otu006590	90.601	383	31	5	1	380	806	1186	2.83e-142	503
ASV_429	otu016423	89.501	381	39	1	1	381	804	1183	1.33e-135	481
ASV_430	otu014585	94.723	379	20	0	1	379	737	1115	2.11e-168	590
ASV_431	otu009420	91.733	375	28	3	1	374	790	1162	9.94e-147	518
ASV_432	otu014016	98.656	372	5	0	1	372	790	1161	0.0	660
ASV_433	otu000922	90.576	382	33	3	1	380	806	1186	2.83e-142	503
ASV_434	otu017044	94.545	385	17	4	1	383	767	1149	5.93e-169	592
ASV_435	otu000461	98.936	376	4	0	1	376	792	1167	0.0	673
ASV_436	otu006521	98.163	381	3	4	1	379	790	1168	0.0	662
ASV_437	otu004391	90.237	379	33	3	1	378	800	1175	6.10e-139	492
ASV_438	otu015357	96.825	378	10	2	1	377	740	1116	1.23e-180	630
ASV_439	otu000461	98.404	376	6	0	1	376	792	1167	0.0	662
ASV_440	otu013286	95.251	379	13	4	1	376	771	1147	4.49e-170	595
ASV_441	otu004025	97.632	380	5	2	1	378	770	1147	0.0	649
ASV_442	otu015782	96.817	377	12	0	1	377	768	1144	1.23e-180	630
ASV_443	otu013260	97.409	386	8	2	1	385	769	1153	0.0	656
ASV_444	otu000922	90.576	382	33	3	1	380	806	1186	2.83e-142	503
ASV_445	otu017664	99.736	379	1	0	1	379	796	1174	0.0	695
ASV_446	otu007781	99.194	372	3	0	1	372	790	1161	0.0	671
ASV_447	otu014663	88.978	372	31	9	1	367	788	1154	1.02e-126	451
ASV_448	otu016676	90.789	380	30	5	1	377	769	1146	2.81e-142	503
ASV_449	otu000232	86.275	357	39	10	1	352	747	1098	4.72e-105	379
ASV_450	otu017664	97.889	379	8	0	1	379	796	1174	0.0	656
ASV_451	otu005288	86.306	314	39	4	1	314	774	1083	8.01e-93	339
ASV_452	otu014023	100.000	379	0	0	1	379	777	1155	0.0	701
ASV_453	otu000461	91.223	376	33	0	1	376	792	1167	4.65e-145	512
ASV_454	otu002292	98.408	377	6	0	1	377	769	1145	0.0	664
ASV_455	otu001438	91.842	380	29	2	1	378	794	1173	4.65e-150	529
ASV_456	otu008016	97.619	378	9	0	1	378	742	1119	0.0	649
ASV_457	otu018161	97.606	376	9	0	1	376	771	1146	0.0	645
ASV_458	otu018208	98.945	379	4	0	1	379	801	1179	0.0	678
ASV_459	otu016197	87.534	369	37	9	1	366	808	1170	1.06e-116	418
ASV_460	otu002852	97.105	380	11	0	1	380	740	1119	0.0	641
ASV_461	otu000374	98.421	380	6	0	1	380	738	1117	0.0	669
ASV_462	otu004354	93.651	378	24	0	1	378	373	750	3.54e-161	566
ASV_463	otu016987	92.632	380	23	5	1	378	808	1184	5.97e-154	542
ASV_464	otu016958	98.417	379	6	0	1	379	784	1162	0.0	667
ASV_465	otu011444	99.204	377	3	0	1	377	768	1144	0.0	680
ASV_466	otu000334	98.942	378	4	0	1	378	769	1146	0.0	676
ASV_467	otu007919	97.098	379	7	4	1	377	769	1145	0.0	636
ASV_468	otu014604	98.677	378	5	0	1	378	791	1168	0.0	671
ASV_469	otu010077	90.107	374	36	1	1	373	786	1159	1.01e-136	484
ASV_470	otu016197	88.011	367	39	5	1	366	808	1170	4.88e-120	429
ASV_471	otu016229	90.526	380	34	2	1	379	809	1187	1.02e-141	501
ASV_472	otu009595	92.857	378	26	1	1	377	769	1146	1.28e-155	547
ASV_473	otu018161	98.404	376	5	1	1	375	771	1146	0.0	660
ASV_474	otu015357	95.778	379	13	3	1	378	740	1116	5.80e-174	608
ASV_475	otu010077	90.933	375	31	3	1	373	786	1159	9.99e-142	501
ASV_476	otu010914	96.570	379	9	4	1	377	768	1144	5.74e-179	625
ASV_477	otu009558	96.316	380	14	0	1	380	736	1115	5.79e-179	625
ASV_478	otu017705	100.000	376	0	0	1	376	737	1112	0.0	695
ASV_479	otu013197	97.674	387	5	4	1	385	772	1156	0.0	662
ASV_480	otu018340	97.878	377	8	0	1	377	768	1144	0.0	652
ASV_481	otu017268	96.296	378	12	2	1	377	768	1144	2.67e-177	619
ASV_482	otu000922	90.339	383	32	5	1	380	806	1186	1.32e-140	497
ASV_483	otu012034	88.802	384	36	5	1	380	806	1186	1.34e-130	464
ASV_484	otu011115	99.740	385	1	0	1	385	769	1153	0.0	706
ASV_485	otu015959	98.945	379	4	0	1	379	796	1174	0.0	678
ASV_486	otu003408	95.526	380	11	6	1	377	734	1110	2.71e-172	603
ASV_487	otu000461	91.223	376	33	0	1	376	792	1167	4.65e-145	512
ASV_488	otu016423	89.764	381	38	1	1	381	804	1183	2.86e-137	486
ASV_489	otu008425	89.844	384	32	6	1	381	742	1121	2.86e-137	486
ASV_490	otu017335	96.825	378	10	2	1	377	769	1145	1.23e-180	630
ASV_491	otu015782	97.082	377	11	0	1	377	768	1144	0.0	636
ASV_492	otu012183	85.950	363	45	5	1	360	747	1106	3.65e-106	383
ASV_493	otu000922	90.838	382	32	3	1	380	806	1186	6.09e-144	508
ASV_494	otu014822	94.180	378	20	2	1	377	772	1148	5.87e-164	575
ASV_495	otu011217	94.709	378	17	2	1	376	772	1148	9.72e-167	584
ASV_496	otu000922	91.099	382	31	3	1	380	806	1186	1.31e-145	514
ASV_497	otu001312	91.339	381	27	6	1	378	770	1147	3.62e-146	516
ASV_498	otu011682	96.817	377	12	0	1	377	737	1113	1.25e-180	630
ASV_499	otu000461	93.351	376	25	0	1	376	792	1167	2.12e-158	556
ASV_500	otu009290	98.133	375	7	0	1	375	737	1111	0.0	654
ASV_501	otu018139	98.153	379	7	0	1	379	792	1170	0.0	662
ASV_502	otu001688	98.425	381	5	1	1	380	773	1153	0.0	669
ASV_503	otu015572	92.651	381	23	5	1	379	750	1127	1.66e-154	544
ASV_504	otu016229	91.029	379	34	0	1	379	809	1187	4.69e-145	512
ASV_505	otu008445	91.076	381	27	7	1	377	768	1145	6.04e-144	508
ASV_506	otu017473	98.936	376	4	0	1	376	788	1163	0.0	673
ASV_507	otu017908	89.974	379	33	5	1	375	772	1149	1.01e-136	484
ASV_508	otu009704	99.472	379	2	0	1	379	796	1174	0.0	689
ASV_509	otu012206	90.722	388	31	5	1	384	781	1167	4.76e-145	512
ASV_510	otu004391	91.799	378	29	1	1	378	800	1175	6.01e-149	525
ASV_511	otu008140	96.286	377	14	0	1	377	738	1114	2.67e-177	619
ASV_512	otu016114	96.552	377	13	0	1	377	740	1116	5.78e-179	625
ASV_513	otu017268	98.408	377	5	1	1	376	768	1144	0.0	662
