ID	log2FC	log2CPM	PValue	FDR	level	MeanA	MeanB	KO1	KO2	KO3	KO4	KO5	KO6	WT1	WT2	WT3	WT4	WT5	WT6
ASV_111	-2.03756	11.12903	2.3957276504033e-06	0.000438418160023804	Depleted	0.053	0.226	0.093	0.061	0.054	0.048	0.023	0.042	0.258	0.337	0.251	0.277	0.159	0.077
ASV_6	0.95496	14.91925	0.00010983395682759	0.0100498070497244	Enriched	2.741	1.468	2.782	2.005	2.347	2.456	3.763	3.095	1.531	1.584	1.37	1.576	1.337	1.408
ASV_72	1.20817	12.16925	0.000388995045115774	0.0237286977520622	Enriched	0.417	0.184	0.372	0.217	0.341	0.664	0.303	0.604	0.155	0.194	0.134	0.242	0.209	0.172
ASV_38	1.00684	13.09252	0.000941148806745755	0.0288918880598655	Enriched	0.774	0.394	0.8	0.486	0.465	0.84	0.863	1.191	0.396	0.43	0.296	0.45	0.434	0.361
ASV_146	-1.32418	11.03483	0.000979591979928067	0.0288918880598655	Depleted	0.072	0.188	0.112	0.017	0.101	0.08	0.03	0.092	0.112	0.219	0.215	0.268	0.159	0.155
ASV_147	1.19471	11.17488	0.00102664601497698	0.0288918880598655	Enriched	0.197	0.087	0.26	0.191	0.17	0.176	0.189	0.193	0.086	0.16	0.054	0.061	0.042	0.12
ASV_154	-3.56328	10.99539	0.00110515418808229	0.0288918880598655	Depleted	0.018	0.242	0.028	0.052	0.008	0.008	0.015	0	0.017	0.017	0.143	1.048	0.217	0.009
ASV_37	-0.93554	12.78596	0.001784338982806	0.0384906052921848	Depleted	0.317	0.633	0.428	0.278	0.325	0.184	0.379	0.31	0.378	0.615	0.887	0.554	0.635	0.73
ASV_151	-1.72716	10.51622	0.00199297307920201	0.0384906052921848	Depleted	0.039	0.134	0.121	0.017	0.023	0.048	0.023	0	0.077	0.143	0.179	0.199	0.067	0.137
ASV_168	5.76922	11.20604	0.00232901931427019	0.0384906052921848	Enriched	0.284	0.004	0.009	0.009	0	1.68	0	0.008	0	0.008	0	0.009	0.008	0
ASV_347	1.16958	10.90077	0.00250138903405948	0.0384906052921848	Enriched	0.158	0.072	0.149	0.104	0.155	0.088	0.151	0.302	0.06	0.093	0.081	0.043	0.067	0.086
ASV_969	1.70029	10.98882	0.00252397411752032	0.0384906052921848	Enriched	0.184	0.059	0.13	0.174	0.519	0.072	0.098	0.109	0.034	0.084	0.063	0.078	0.017	0.077
ASV_56	-1.13408	12.21641	0.00291391844305064	0.0410190057752514	Depleted	0.189	0.437	0.056	0.156	0.256	0.248	0.242	0.176	0.301	0.674	0.573	0.372	0.401	0.301
ASV_185	-1.2803	10.7091	0.0045514503043607	0.0594939575498578	Depleted	0.057	0.141	0.056	0.104	0.054	0.064	0.023	0.042	0.224	0.093	0.107	0.061	0.226	0.137
ASV_213	0.92289	10.82263	0.00533978495595336	0.0648987831343239	Enriched	0.141	0.076	0.13	0.174	0.077	0.192	0.136	0.134	0.077	0.051	0.081	0.095	0.075	0.077
ASV_82	0.83322	12.02252	0.00567421054726329	0.0648987831343239	Enriched	0.341	0.197	0.27	0.417	0.271	0.248	0.424	0.419	0.163	0.202	0.143	0.268	0.242	0.163
ASV_114	2.20214	10.68663	0.00618318897065466	0.066560210684106	Enriched	0.162	0.034	0.093	0.304	0.031	0.304	0.023	0.218	0	0.076	0.054	0	0.017	0.06
ASV_95	0.97109	11.62125	0.00741715932495975	0.0717600353319616	Enriched	0.259	0.137	0.214	0.182	0.356	0.256	0.326	0.218	0.077	0.118	0.081	0.165	0.201	0.18
ASV_2	0.76824	16.11415	0.00758723242799743	0.0717600353319616	Enriched	5.994	3.638	6.242	3.576	6.694	6.345	7.813	5.292	3.785	4.516	2.391	3.342	4.153	3.641
ASV_49	1.94749	12.24723	0.00784262681223624	0.0717600353319616	Enriched	0.491	0.134	0.53	0.321	1.728	0.024	0.114	0.226	0.12	0.152	0.224	0.069	0.159	0.077
ASV_41	0.84755	13.02868	0.00900172991088287	0.0763109837197536	Enriched	0.701	0.406	0.642	0.512	0.55	0.672	1.151	0.679	0.258	0.531	0.313	0.502	0.351	0.481
ASV_22	1.02135	13.37243	0.00917399804281191	0.0763109837197536	Enriched	0.929	0.479	0.558	0.477	1.402	1.344	1.12	0.671	0.344	0.784	0.349	0.658	0.359	0.378
ASV_43	-2.6156	12.54021	0.0100922826419482	0.0802994662381095	Depleted	0.103	0.672	0.009	0.095	0.008	0.12	0.371	0.017	2.58	0.135	0.063	0.13	0.752	0.369
ASV_161	0.98591	10.90296	0.0107980364958464	0.0823350282808291	Enriched	0.151	0.079	0.14	0.191	0.194	0.064	0.174	0.143	0.043	0.076	0.081	0.121	0.042	0.112
ASV_170	0.8683	10.86054	0.0115526688742147	0.0845655361592518	Enriched	0.142	0.08	0.093	0.148	0.108	0.192	0.174	0.134	0.086	0.076	0.072	0.113	0.092	0.043
ASV_58	0.68158	12.32061	0.0128334329586692	0.0903276242860181	Enriched	0.406	0.262	0.419	0.304	0.364	0.512	0.492	0.344	0.284	0.27	0.287	0.19	0.251	0.292
ASV_55	1.07081	12.3541	0.0136779693491568	0.0927062366998403	Enriched	0.464	0.225	0.437	0.894	0.302	0.248	0.469	0.436	0.301	0.076	0.242	0.095	0.359	0.275
ASV_179	1.70195	11.36812	0.0154184114618617	0.10077033205431	Enriched	0.248	0.079	0.047	0.069	0.17	0.992	0.144	0.067	0.043	0.067	0.063	0.113	0.1	0.086
ASV_456	-0.84669	12.06717	0.0166312936426533	0.104949197813985	Depleted	0.198	0.363	0.205	0.269	0.263	0.192	0.083	0.176	0.421	0.261	0.296	0.216	0.501	0.481
ASV_116	0.74818	11.39458	0.0175771308477797	0.107220498171456	Enriched	0.209	0.129	0.13	0.269	0.232	0.256	0.182	0.185	0.103	0.084	0.152	0.19	0.125	0.12
ASV_86	-1.17554	11.73477	0.0191099504824198	0.112810352847833	Depleted	0.136	0.307	0.223	0.286	0.031	0.104	0.03	0.143	0.31	0.32	0.376	0.182	0.468	0.189
ASV_35	-1.05247	12.96758	0.0208079517646636	0.11899547415417	Depleted	0.349	0.734	0.279	0.677	0.279	0.608	0.076	0.176	0.895	1.028	0.716	0.736	0.652	0.378
ASV_164	1.44266	10.99373	0.0217068948300339	0.120374598602915	Enriched	0.175	0.067	0.028	0.095	0.558	0.168	0.061	0.143	0.034	0.084	0.099	0.035	0.067	0.086
ASV_17	0.54637	13.9613	0.0258300377150681	0.139026379466396	Enriched	1.274	0.897	1.507	0.885	0.999	1.288	1.196	1.77	1.041	0.826	0.913	0.952	0.852	0.799
ASV_283	0.93023	11.01893	0.0302945543027458	0.153958206277112	Enriched	0.16	0.089	0.13	0.104	0.24	0.08	0.273	0.134	0.052	0.076	0.161	0.078	0.109	0.06
ASV_92	1.81376	11.22263	0.0310270132102202	0.153958206277112	Enriched	0.232	0.067	0.54	0.2	0.225	0.296	0.008	0.126	0.034	0.051	0	0.251	0.05	0.017
ASV_68	0.63203	12.7539	0.0315467455605272	0.153958206277112	Enriched	0.546	0.365	0.512	0.399	0.612	0.488	0.712	0.554	0.421	0.438	0.278	0.312	0.267	0.472
ASV_40	0.92291	11.62853	0.031969463598526	0.153958206277112	Enriched	0.267	0.143	0.381	0.373	0.132	0.184	0.114	0.419	0.181	0.076	0.206	0.113	0.067	0.215
ASV_30	-0.65238	13.22599	0.0330733891090521	0.155190518127091	Depleted	0.502	0.808	0.754	0.677	0.411	0.392	0.22	0.562	0.654	0.649	0.985	0.883	0.627	1.048
ASV_59	0.63312	12.28453	0.034971763598159	0.157916476384336	Enriched	0.389	0.26	0.251	0.312	0.356	0.424	0.568	0.419	0.249	0.244	0.188	0.277	0.292	0.309
ASV_144	-1.14206	10.79546	0.0353801941626108	0.157916476384336	Depleted	0.067	0.152	0.177	0.087	0.015	0.032	0.038	0.05	0.12	0.042	0.313	0.156	0.167	0.112
ASV_45	0.87595	12.85605	0.0377385949684368	0.164432449505332	Enriched	0.619	0.348	0.558	0.321	0.651	0.648	1.075	0.461	0.396	0.607	0.197	0.173	0.46	0.258
ASV_156	0.9126	9.897	0.0424583507118218	0.180694841401474	Enriched	0.065	0.035	0.093	0.087	0.046	0.056	0.03	0.075	0.034	0.025	0.072	0.017	0.025	0.034
ASV_115	-0.76422	11.23502	0.0444881967587222	0.185030454701049	Depleted	0.109	0.192	0.102	0.191	0.124	0.048	0.121	0.067	0.112	0.261	0.197	0.19	0.142	0.249
ASV_10	0.71669	14.42268	0.0511415479587639	0.20797562836564	NotSig	1.812	1.137	1.005	1.12	1.797	2.112	2.824	2.013	1.187	1.693	0.743	0.814	1.588	0.799
ASV_8	-0.61074	14.55153	0.0592794295561293	0.232915532675386	NotSig	1.288	2.025	1.758	1.693	1.666	1.184	0.583	0.847	1.978	2.317	1.782	3.083	1.412	1.58
ASV_94	-1.22257	11.69227	0.0598198362608914	0.232915532675386	NotSig	0.122	0.297	0.019	0.043	0.186	0.184	0.182	0.117	0.146	0.143	0.072	0.165	0.551	0.704
ASV_67	0.70307	12.3671	0.0615280533426531	0.234575703368865	NotSig	0.419	0.266	0.251	0.234	0.519	0.44	0.598	0.47	0.181	0.362	0.125	0.277	0.318	0.335
ASV_925	1.17929	11.0643	0.0645998126307084	0.24126052472285	NotSig	0.179	0.084	0.047	0.069	0.217	0.408	0.106	0.226	0.043	0.025	0.17	0.199	0.017	0.052
ASV_48	-0.53142	12.36143	0.0679946355682953	0.247522039383077	NotSig	0.283	0.416	0.354	0.321	0.201	0.376	0.129	0.319	0.335	0.447	0.367	0.45	0.393	0.507
ASV_174	-0.73316	10.62097	0.0689815519592181	0.247522039383077	NotSig	0.069	0.118	0.112	0.113	0.062	0.016	0.03	0.084	0.12	0.11	0.152	0.147	0.075	0.103
ASV_16	-0.6726	13.87338	0.073251994188374	0.255245263934717	NotSig	0.773	1.258	0.763	0.712	1.325	0.816	0.409	0.612	1.368	0.969	0.725	0.987	2.398	1.099
ASV_125	-0.68329	11.18744	0.0746610876580505	0.255245263934717	NotSig	0.108	0.18	0.13	0.087	0.209	0.096	0.053	0.075	0.146	0.27	0.134	0.173	0.167	0.189
ASV_1276	0.43018	13.17967	0.0762869762858271	0.255245263934717	NotSig	0.704	0.543	0.586	0.703	0.86	0.744	0.644	0.688	0.473	0.573	0.708	0.45	0.476	0.575
ASV_75	0.5925	11.89115	0.0772154972876759	0.255245263934717	NotSig	0.286	0.199	0.13	0.234	0.38	0.256	0.424	0.294	0.232	0.185	0.215	0.208	0.159	0.197
ASV_99	0.52054	11.43236	0.0781078403297494	0.255245263934717	NotSig	0.203	0.147	0.158	0.174	0.194	0.248	0.182	0.26	0.103	0.11	0.206	0.165	0.125	0.172
ASV_21	-0.61446	13.23738	0.0822192014351572	0.260730472503479	NotSig	0.511	0.794	0.428	1.033	0.566	0.352	0.288	0.403	0.645	0.927	0.573	0.814	1.178	0.627
ASV_152	-0.49842	11.29586	0.0827531740263086	0.260730472503479	NotSig	0.128	0.188	0.158	0.087	0.124	0.112	0.121	0.168	0.146	0.177	0.251	0.199	0.175	0.18
ASV_71	0.8546	11.99209	0.0840606441404659	0.260730472503479	NotSig	0.344	0.193	0.27	0.13	0.132	0.248	0.227	1.057	0.163	0.16	0.278	0.165	0.142	0.249
ASV_130	-0.55929	11.03672	0.0945158406923862	0.288273314111778	NotSig	0.103	0.157	0.13	0.148	0.108	0.104	0.053	0.075	0.12	0.152	0.251	0.113	0.134	0.172
ASV_73	-0.78861	12.05	0.0964108477346553	0.289232543203966	NotSig	0.203	0.362	0.344	0.182	0.116	0.216	0.083	0.277	0.103	0.345	0.313	0.901	0.267	0.24
ASV_70	0.73964	12.80411	0.0995663100790615	0.29388120555594	NotSig	0.573	0.36	0.27	0.295	0.875	0.448	1.022	0.528	0.301	0.194	0.242	0.355	0.719	0.352
ASV_88	1.49438	11.77539	0.103310747946203	0.300093124986589	NotSig	0.344	0.124	0.307	0.425	0.054	0.048	0.015	1.216	0.189	0.034	0.331	0.156	0.008	0.026
ASV_61	-0.5971	11.76105	0.111770915458272	0.319594961388496	NotSig	0.178	0.275	0.251	0.339	0.101	0.168	0.106	0.101	0.387	0.227	0.34	0.294	0.167	0.232
ASV_158	-0.86993	10.72121	0.117523461044541	0.330873744171554	NotSig	0.069	0.13	0.102	0.035	0.015	0.048	0.129	0.084	0.241	0.152	0.116	0.043	0.042	0.189
ASV_90	0.68287	11.74269	0.127643010166848	0.353802216125545	NotSig	0.272	0.172	0.14	0.304	0.147	0.288	0.182	0.57	0.12	0.101	0.215	0.156	0.351	0.086
ASV_266	0.68862	10.54764	0.132467374656807	0.353802216125545	NotSig	0.107	0.067	0.177	0.139	0.07	0.024	0.098	0.134	0.043	0.025	0.081	0.061	0.092	0.103
ASV_108	0.52096	11.49909	0.132806492687713	0.353802216125545	NotSig	0.213	0.151	0.205	0.182	0.147	0.232	0.235	0.277	0.155	0.169	0.09	0.104	0.259	0.129
ASV_172	0.63663	10.79847	0.139293256545289	0.353802216125545	NotSig	0.129	0.085	0.13	0.148	0.217	0.104	0.023	0.151	0.103	0.076	0.134	0.061	0.058	0.077
ASV_76	-0.50728	12.01247	0.140348053754893	0.353802216125545	NotSig	0.221	0.326	0.4	0.243	0.209	0.168	0.136	0.168	0.206	0.278	0.528	0.416	0.201	0.326
ASV_112	-0.71702	10.9927	0.140931836352891	0.353802216125545	NotSig	0.093	0.159	0.186	0.13	0.093	0.064	0.045	0.042	0.292	0.084	0.179	0.242	0.058	0.094
ASV_89	-0.53933	11.56259	0.14250265853038	0.353802216125545	NotSig	0.157	0.232	0.195	0.226	0.101	0.144	0.068	0.21	0.095	0.295	0.233	0.251	0.217	0.301
ASV_105	-0.65838	11.41458	0.143044350389067	0.353802216125545	NotSig	0.132	0.211	0.121	0.078	0.093	0.24	0.083	0.176	0.396	0.329	0.116	0.165	0.142	0.12
ASV_3	-0.44445	15.39737	0.143067562804865	0.353802216125545	NotSig	2.444	3.461	1.982	1.502	2.859	2.368	3.369	2.583	2.813	5.35	3.197	3.602	3.451	2.353
ASV_103	1.12933	11.53774	0.152057859029048	0.3573425678693	NotSig	0.243	0.12	0.074	0.026	0.139	0.168	0.833	0.218	0.009	0.034	0.125	0.104	0.142	0.309
ASV_98	1.03292	11.47515	0.152083804798974	0.3573425678693	NotSig	0.227	0.121	0.177	0.043	0.077	0.16	0.81	0.092	0.12	0.008	0.107	0.173	0.117	0.197
ASV_124	0.3923	11.35806	0.15312030242293	0.3573425678693	NotSig	0.184	0.145	0.177	0.174	0.217	0.184	0.167	0.185	0.163	0.118	0.179	0.121	0.134	0.155
ASV_52	-0.50937	12.51882	0.155247298873684	0.3573425678693	NotSig	0.315	0.462	0.27	0.373	0.573	0.208	0.182	0.285	0.335	0.699	0.421	0.346	0.368	0.601
ASV_113	1.19228	13.33891	0.155666702262791	0.3573425678693	NotSig	0.942	0.431	0.242	0.286	0.054	3.553	1.431	0.084	0.946	0.126	0.358	0.372	0.217	0.567
ASV_167	-0.60367	10.72799	0.15622478380096	0.3573425678693	NotSig	0.08	0.126	0.065	0.174	0.077	0.032	0.038	0.092	0.086	0.084	0.215	0.173	0.092	0.103
ASV_188	0.54909	11.01563	0.15949893473839	0.3573425678693	NotSig	0.148	0.103	0.214	0.104	0.139	0.168	0.121	0.143	0.198	0.093	0.081	0.043	0.134	0.069
ASV_20	-0.95193	13.76572	0.16012071347149	0.3573425678693	NotSig	0.643	1.227	0.558	1.259	0.209	0.816	0.507	0.512	0.714	0.843	0.278	0.338	4.804	0.386
ASV_109	0.43544	11.60856	0.163577074794722	0.360657887800412	NotSig	0.224	0.172	0.214	0.156	0.263	0.192	0.273	0.243	0.189	0.185	0.179	0.19	0.201	0.086
ASV_128	0.43677	11.23227	0.166867716915849	0.363533240423815	NotSig	0.171	0.129	0.233	0.156	0.101	0.224	0.114	0.201	0.129	0.135	0.152	0.113	0.15	0.094
ASV_668	-0.59357	10.66962	0.185463476428199	0.399291955133652	NotSig	0.076	0.118	0.14	0.061	0.015	0.04	0.091	0.109	0.095	0.169	0.152	0.121	0.117	0.052
ASV_47	0.30426	12.74861	0.203148728374198	0.432281596424166	NotSig	0.499	0.419	0.465	0.425	0.488	0.48	0.515	0.621	0.335	0.379	0.43	0.494	0.384	0.489
ASV_84	-0.40892	11.81605	0.213419396619658	0.448916661855143	NotSig	0.195	0.269	0.205	0.069	0.217	0.256	0.227	0.193	0.215	0.32	0.26	0.242	0.259	0.318
ASV_54	0.49879	12.84442	0.225677144072596	0.469305879150968	NotSig	0.566	0.41	0.381	0.2	0.356	1.008	0.613	0.839	0.482	0.64	0.251	0.39	0.326	0.369
ASV_77	-0.61602	11.96055	0.229102331345918	0.471075580183179	NotSig	0.199	0.32	0.205	0.122	0.294	0.184	0.212	0.176	0.138	0.539	0.134	0.814	0.134	0.163
ASV_15	0.26397	13.89182	0.237009295703413	0.481918901263607	NotSig	1.113	0.96	0.949	1.302	1.147	1.048	1.022	1.208	0.8	0.725	1.021	1.195	0.969	1.048
ASV_42	-0.62833	12.89024	0.251011185425841	0.50152830621866	NotSig	0.395	0.611	0.428	0.174	0.17	0.656	0.379	0.562	0.637	1.736	0.188	0.39	0.451	0.266
ASV_78	-0.47632	11.82395	0.25572219210283	0.50152830621866	NotSig	0.191	0.28	0.223	0.191	0.093	0.112	0.341	0.185	0.206	0.11	0.287	0.528	0.309	0.24
ASV_183	0.54182	10.85449	0.257157603262966	0.50152830621866	NotSig	0.13	0.091	0.13	0.035	0.124	0.104	0.121	0.268	0.026	0.152	0.063	0.104	0.125	0.077
ASV_14	-0.37467	13.97325	0.257615632702481	0.50152830621866	NotSig	0.923	1.255	0.642	0.529	0.937	0.992	1.522	0.914	1.204	0.885	1.379	0.866	1.554	1.64
ASV_288	0.61278	11.33313	0.269297046183385	0.517522405282351	NotSig	0.195	0.133	0.074	0.226	0.256	0.088	0.091	0.436	0.06	0.042	0.152	0.338	0.075	0.129
ASV_119	-0.40151	11.28673	0.272608247586273	0.517522405282351	NotSig	0.131	0.181	0.121	0.148	0.186	0.112	0.129	0.092	0.181	0.093	0.242	0.095	0.201	0.275
ASV_101	0.40251	11.29871	0.277048069119878	0.517522405282351	NotSig	0.173	0.137	0.167	0.095	0.186	0.168	0.303	0.117	0.112	0.194	0.143	0.139	0.134	0.103
ASV_129	-0.36157	11.22483	0.277143145998199	0.517522405282351	NotSig	0.131	0.171	0.149	0.226	0.077	0.128	0.061	0.143	0.181	0.143	0.224	0.173	0.125	0.18
ASV_28	-0.44745	13.69358	0.281831749293822	0.520961718391611	NotSig	0.762	1.044	0.995	0.998	0.209	1.392	0.348	0.629	1.204	1.255	0.699	0.996	1.379	0.73
ASV_160	-0.34102	10.7138	0.318938803198377	0.579146215899778	NotSig	0.087	0.113	0.047	0.139	0.077	0.112	0.053	0.092	0.12	0.076	0.107	0.13	0.117	0.129
ASV_107	0.50224	11.45246	0.319638075441954	0.579146215899778	NotSig	0.207	0.147	0.167	0.156	0.023	0.248	0.204	0.444	0.267	0.152	0.134	0.087	0.134	0.112
ASV_96	0.69829	11.58187	0.324523614498955	0.58223354365989	NotSig	0.224	0.153	0.167	0.069	0.054	0.056	0.931	0.067	0.163	0.084	0.251	0.13	0.15	0.137
ASV_149	-0.40994	11.03507	0.32929739450748	0.585062361115231	NotSig	0.11	0.152	0.084	0.191	0.062	0.064	0.098	0.159	0.138	0.059	0.313	0.139	0.159	0.103
ASV_69	0.2432	11.93498	0.338972393073671	0.591610242079032	NotSig	0.271	0.236	0.27	0.304	0.287	0.256	0.257	0.252	0.198	0.202	0.278	0.199	0.301	0.24
ASV_132	0.29679	11.1305	0.339448499553543	0.591610242079032	NotSig	0.151	0.126	0.158	0.208	0.093	0.192	0.144	0.109	0.129	0.11	0.17	0.104	0.134	0.112
ASV_143	-0.41896	10.90202	0.357884391668383	0.617857015804849	NotSig	0.096	0.137	0.149	0.043	0.046	0.088	0.174	0.075	0.077	0.084	0.197	0.26	0.117	0.086
ASV_140	0.35818	11.1268	0.369238593296175	0.631501519375702	NotSig	0.151	0.123	0.13	0.113	0.093	0.16	0.25	0.159	0.052	0.143	0.179	0.13	0.175	0.06
ASV_51	-0.38092	12.57882	0.375602458473459	0.634058874637904	NotSig	0.35	0.471	0.344	0.642	0.55	0.144	0.129	0.294	0.49	0.194	0.439	0.771	0.443	0.489
ASV_13	-0.48117	13.64007	0.380543163466226	0.634058874637904	NotSig	0.7	1.012	0.093	0.382	1.728	0.864	0.447	0.688	0.843	0.885	0.672	0.476	1.487	1.709
ASV_66	0.27724	12.22785	0.381128285301473	0.634058874637904	NotSig	0.339	0.286	0.27	0.304	0.372	0.384	0.326	0.377	0.258	0.371	0.224	0.234	0.468	0.163
ASV_965	-0.38703	10.64122	0.395443780534506	0.641737364658743	NotSig	0.081	0.11	0.084	0.139	0.07	0.056	0.038	0.101	0.103	0.042	0.224	0.087	0.042	0.163
ASV_102	0.4502	11.67627	0.397967866411101	0.641737364658743	NotSig	0.232	0.176	0.251	0.095	0.256	0.112	0.507	0.168	0.112	0.362	0.063	0.095	0.209	0.215
ASV_46	0.31603	12.32763	0.40082944494905	0.641737364658743	NotSig	0.364	0.308	0.419	0.165	0.457	0.344	0.5	0.302	0.155	0.177	0.331	0.398	0.493	0.292
ASV_34	-0.25013	12.85182	0.404230586443134	0.641737364658743	NotSig	0.45	0.547	0.707	0.443	0.442	0.384	0.227	0.495	0.559	0.598	0.734	0.398	0.384	0.61
ASV_62	0.20486	12.20719	0.405139662480758	0.641737364658743	NotSig	0.327	0.292	0.298	0.356	0.287	0.368	0.333	0.319	0.292	0.337	0.304	0.234	0.334	0.249
ASV_415	-0.33355	11.19765	0.406895908296846	0.641737364658743	NotSig	0.129	0.165	0.149	0.217	0.101	0.168	0.045	0.092	0.232	0.126	0.206	0.095	0.1	0.232
ASV_60	-0.29975	12.13358	0.410291101994934	0.641737364658743	NotSig	0.255	0.33	0.214	0.243	0.178	0.192	0.5	0.201	0.31	0.43	0.331	0.346	0.167	0.395
ASV_18	-0.27108	14.53511	0.42805236339283	0.66384391949905	NotSig	1.478	1.803	1.498	2.995	0.852	1.176	0.78	1.568	2.236	1.87	2.302	1.169	1.955	1.288
ASV_26	-0.58395	13.09619	0.446821513848223	0.678514187331832	NotSig	0.468	0.713	0.577	0.582	0.387	1.08	0.114	0.067	1.333	0.227	0.466	0.294	0.033	1.923
ASV_173	-0.20106	12.91384	0.446976918506815	0.678514187331832	NotSig	0.469	0.564	0.363	0.382	0.519	0.392	0.628	0.528	0.473	0.564	0.618	0.632	0.468	0.627
ASV_157	0.3443	10.97228	0.448635063754927	0.678514187331832	NotSig	0.137	0.108	0.14	0.191	0.155	0.04	0.061	0.235	0.069	0.118	0.063	0.113	0.201	0.086
ASV_148	-0.39088	11.13015	0.470999208263097	0.706498812394646	NotSig	0.114	0.158	0.028	0.113	0.07	0.2	0.242	0.034	0.138	0.076	0.134	0.113	0.267	0.223
ASV_12	-0.1749	14.05785	0.475330361748401	0.707198830893963	NotSig	1.072	1.256	0.995	1.128	0.953	1.08	1.226	1.048	1.127	1.651	1.325	1.55	0.902	0.979
ASV_136	-0.26989	10.95951	0.481575295473005	0.71071192799645	NotSig	0.107	0.133	0.13	0.061	0.085	0.104	0.167	0.092	0.181	0.177	0.081	0.078	0.15	0.129
ASV_100	-0.33524	11.28863	0.485637597753506	0.710973443111133	NotSig	0.14	0.178	0.205	0.295	0.031	0.048	0.076	0.185	0.163	0.101	0.251	0.139	0.184	0.232
ASV_53	-0.39575	12.45036	0.489563566033491	0.711032798286737	NotSig	0.3	0.428	0.14	0.139	0.263	0.112	0.977	0.168	0.568	0.244	0.43	0.364	0.217	0.747
ASV_141	0.43095	11.02668	0.505133978046593	0.720496707897095	NotSig	0.14	0.109	0.093	0.035	0.356	0.072	0.189	0.092	0.017	0.051	0.054	0.156	0.267	0.112
ASV_24	0.30888	13.35747	0.505930786028465	0.720496707897095	NotSig	0.775	0.649	0.391	1.328	1.278	0.296	0.492	0.864	0.516	0.64	0.385	1.533	0.426	0.395
ASV_166	0.37132	10.78157	0.507891121960247	0.720496707897095	NotSig	0.12	0.094	0.279	0.226	0.015	0.08	0.053	0.067	0.12	0.076	0.143	0.078	0.033	0.112
ASV_843	0.22013	11.25215	0.527728905251352	0.740463868812485	NotSig	0.162	0.141	0.186	0.174	0.201	0.144	0.068	0.201	0.181	0.101	0.09	0.121	0.184	0.172
ASV_1396	-0.24396	10.89229	0.533577657594557	0.740463868812485	NotSig	0.105	0.126	0.102	0.226	0.093	0.096	0.03	0.084	0.146	0.11	0.116	0.104	0.159	0.12
ASV_74	0.2331	11.81249	0.534105085700809	0.740463868812485	NotSig	0.246	0.219	0.251	0.286	0.302	0.168	0.257	0.21	0.129	0.236	0.448	0.095	0.159	0.249
ASV_81	0.26196	11.53642	0.556139770538574	0.761462326312711	NotSig	0.199	0.178	0.27	0.13	0.147	0.216	0.341	0.092	0.155	0.059	0.376	0.173	0.15	0.155
ASV_11	-0.14882	14.05542	0.557573506698925	0.761462326312711	NotSig	1.08	1.245	0.958	1.224	0.767	1.024	1.416	1.09	1.187	1.458	1.567	1.212	0.852	1.194
ASV_79	0.23704	11.96863	0.587703007286824	0.79234668906235	NotSig	0.279	0.239	0.326	0.139	0.101	0.272	0.326	0.512	0.258	0.472	0.152	0.182	0.184	0.189
ASV_9	-0.17203	14.34487	0.590461279345826	0.79234668906235	NotSig	1.338	1.524	1.088	2.378	1.007	1.296	0.704	1.551	1.626	0.952	1.29	1.342	2.189	1.743
ASV_83	0.53969	11.85599	0.598330092304313	0.79234668906235	NotSig	0.292	0.197	0.177	0.382	0.147	0	0.023	1.023	0.628	0	0.116	0.208	0.084	0.146
ASV_855	-0.20908	11.13864	0.60167501448637	0.79234668906235	NotSig	0.128	0.152	0.177	0.087	0.124	0.072	0.114	0.193	0.189	0.194	0.143	0.225	0.042	0.12
ASV_165	-0.22941	10.68914	0.601837102621129	0.79234668906235	NotSig	0.089	0.108	0.112	0.087	0.132	0.064	0.038	0.101	0.052	0.135	0.152	0.13	0.025	0.155
ASV_186	-0.22028	11.36195	0.610856982058983	0.798477340834242	NotSig	0.153	0.182	0.177	0.286	0.085	0.176	0.061	0.134	0.095	0.177	0.161	0.329	0.084	0.249
ASV_91	-0.33105	11.61566	0.622831479342805	0.801690454800351	NotSig	0.179	0.226	0.074	0.312	0.008	0.424	0.03	0.226	0.181	0.447	0.161	0.32	0.125	0.12
ASV_736	0.17553	11.50769	0.628727207001038	0.801690454800351	NotSig	0.192	0.175	0.149	0.139	0.201	0.272	0.167	0.226	0.155	0.135	0.09	0.277	0.267	0.129
ASV_577	0.17672	11.16396	0.629187199939637	0.801690454800351	NotSig	0.151	0.137	0.167	0.191	0.132	0.184	0.053	0.176	0.086	0.118	0.26	0.095	0.125	0.137
ASV_126	0.29781	11.19645	0.630838390662571	0.801690454800351	NotSig	0.16	0.132	0.047	0.382	0.209	0.232	0.023	0.067	0.095	0.253	0.143	0.069	0.042	0.189
ASV_33	0.13846	12.89555	0.645633419365582	0.810519797169923	NotSig	0.527	0.493	0.595	0.304	0.341	0.536	0.591	0.797	0.507	0.632	0.564	0.416	0.384	0.455
ASV_153	0.23478	11.15328	0.646644209763982	0.810519797169923	NotSig	0.151	0.133	0.112	0.339	0.116	0.168	0.098	0.075	0.224	0.126	0.143	0.225	0.025	0.052
ASV_106	-0.25434	11.6945	0.656272570104301	0.815526822737677	NotSig	0.184	0.233	0.028	0.078	0.178	0.352	0.386	0.084	0.258	0.438	0.17	0.234	0.175	0.12
ASV_139	-0.18993	11.01556	0.659551747350689	0.815526822737677	NotSig	0.116	0.138	0.14	0.148	0.248	0.048	0.053	0.059	0.112	0.118	0.161	0.19	0.109	0.137
ASV_162	-0.22566	10.59689	0.66938829362885	0.822134615664964	NotSig	0.084	0.099	0.13	0.174	0.077	0.032	0.015	0.075	0.163	0.034	0.134	0.052	0.075	0.137
ASV_93	-0.29175	11.46201	0.683310669398084	0.833639016665663	NotSig	0.151	0.201	0.112	0.043	0.093	0.088	0.477	0.092	0.017	0.076	0.349	0.069	0.418	0.275
ASV_120	-0.14117	10.83001	0.700899547860812	0.848838382291666	NotSig	0.104	0.116	0.14	0.13	0.124	0.072	0.03	0.126	0.103	0.126	0.134	0.069	0.142	0.12
ASV_39	0.14894	12.82334	0.705046088023679	0.848838382291666	NotSig	0.498	0.47	0.335	0.729	0.744	0.304	0.522	0.352	0.344	0.657	0.519	0.632	0.142	0.524
ASV_150	-0.17548	10.7955	0.713351777289374	0.853224674797095	NotSig	0.1	0.115	0.149	0.13	0.062	0.096	0.038	0.126	0.026	0.11	0.161	0.061	0.092	0.24
ASV_410	0.16388	11.53809	0.722180513654564	0.858175545446658	NotSig	0.192	0.18	0.056	0.165	0.372	0.184	0.235	0.143	0.12	0.11	0.17	0.113	0.309	0.258
ASV_31	0.13526	13.1871	0.731259655892939	0.863358174376825	NotSig	0.634	0.6	0.381	0.304	0.968	0.592	0.939	0.621	0.499	0.699	0.296	0.571	0.936	0.601
ASV_251	-0.13424	10.77682	0.744910925964669	0.870241254680772	NotSig	0.099	0.112	0.14	0.122	0.062	0.08	0.076	0.117	0.069	0.177	0.107	0.208	0.05	0.06
ASV_118	0.10377	11.63469	0.749582697079973	0.870241254680772	NotSig	0.204	0.199	0.214	0.156	0.225	0.192	0.318	0.117	0.155	0.185	0.197	0.234	0.226	0.197
ASV_4	-0.12987	15.20685	0.751355837374656	0.870241254680772	NotSig	2.419	2.716	4.707	1.224	1.402	2.056	3.634	1.493	3.114	3.985	1.755	1.662	3.292	2.49
ASV_121	0.13399	11.08638	0.76545555251139	0.873571718476566	NotSig	0.14	0.128	0.186	0.104	0.085	0.08	0.106	0.277	0.086	0.135	0.125	0.078	0.276	0.069
ASV_23	0.23	13.32892	0.768959035495784	0.873571718476566	NotSig	0.718	0.658	0.419	0.399	3.076	0.192	0.061	0.159	0.464	0.093	0.887	0.745	0.627	1.133
ASV_7	-0.16022	14.6542	0.770703976355459	0.873571718476566	NotSig	1.573	1.872	0.754	0.373	3.215	1.144	3.301	0.654	2.219	2.612	1.675	0.701	1.663	2.361
ASV_142	0.12509	10.93784	0.773325783569419	0.873571718476566	NotSig	0.124	0.117	0.186	0.2	0.139	0.04	0.068	0.109	0.103	0.059	0.17	0.121	0.058	0.189
ASV_80	-0.18624	11.80773	0.780327300181226	0.876072981185057	NotSig	0.214	0.255	0.288	0.208	0.209	0.24	0.144	0.193	0.026	0	0.412	0.338	0.343	0.412
ASV_605	0.13151	10.50617	0.798693781248082	0.889328053086669	NotSig	0.088	0.082	0.047	0.217	0.093	0.072	0.023	0.075	0.06	0.025	0.09	0.121	0.142	0.052
ASV_27	-0.06861	12.98294	0.801853162619128	0.889328053086669	NotSig	0.526	0.567	0.558	0.72	0.511	0.328	0.401	0.637	0.576	0.506	0.654	0.597	0.368	0.704
ASV_29	-0.08168	13.08428	0.818505631848585	0.902328497760789	NotSig	0.568	0.608	0.633	0.512	0.442	0.864	0.167	0.788	0.74	0.615	0.627	0.554	0.744	0.369
ASV_50	0.07008	12.44185	0.832626202369978	0.911304711315684	NotSig	0.375	0.368	0.354	0.608	0.426	0.384	0.174	0.302	0.292	0.219	0.43	0.476	0.267	0.524
ASV_535	-0.13816	10.77854	0.836607603830792	0.911304711315684	NotSig	0.102	0.11	0.093	0.356	0.039	0.024	0.023	0.075	0.292	0.051	0.081	0.052	0.1	0.086
ASV_36	-0.07665	13.00941	0.854045913129793	0.923516152217691	NotSig	0.534	0.571	0.53	0.26	0.232	0.712	0.522	0.948	0.748	1.011	0.43	0.494	0.46	0.283
ASV_97	-0.05967	11.69922	0.857911179655779	0.923516152217691	NotSig	0.203	0.223	0.112	0.208	0.139	0.208	0.341	0.21	0.198	0.16	0.278	0.26	0.184	0.258
ASV_123	0.10909	11.22083	0.864115654689982	0.924755349755946	NotSig	0.157	0.148	0.065	0.252	0.07	0.144	0.023	0.386	0.043	0.084	0.313	0.069	0.075	0.301
ASV_44	0.05945	12.72634	0.875532232609426	0.931525573067006	NotSig	0.45	0.454	0.316	0.686	0.558	0.376	0.538	0.226	0.533	0.362	0.421	0.866	0.242	0.301
ASV_110	-0.05125	11.3798	0.889187676256729	0.940585807832263	NotSig	0.162	0.174	0.093	0.312	0.124	0.192	0.167	0.084	0.163	0.152	0.224	0.13	0.159	0.215
ASV_155	0.04752	10.79824	0.896523282796686	0.942895176734446	NotSig	0.107	0.106	0.158	0.087	0.039	0.12	0.114	0.126	0.146	0.084	0.107	0.095	0.134	0.069
ASV_127	-0.06216	11.14555	0.902575532600661	0.943836128376692	NotSig	0.133	0.145	0.13	0.061	0.364	0.096	0.053	0.092	0.155	0.152	0.161	0.078	0.084	0.24
ASV_236	-0.03275	10.61872	0.932178174242477	0.969253442536211	NotSig	0.091	0.095	0.102	0.13	0.062	0.056	0.061	0.134	0.129	0.093	0.134	0.078	0.033	0.103
ASV_192	0.04363	11.00701	0.942239796131509	0.969479246828782	NotSig	0.121	0.124	0.102	0.009	0.186	0.048	0.265	0.117	0.232	0.051	0.072	0.095	0.184	0.112
ASV_63	-0.03671	10.98468	0.942990742817067	0.969479246828782	NotSig	0.118	0.125	0.112	0.095	0.07	0.112	0.204	0.117	0.103	0.051	0.027	0.113	0.301	0.155
ASV_282	-0.02402	11.21783	0.953640316933204	0.971891277803937	NotSig	0.147	0.153	0.14	0.286	0.132	0.152	0.053	0.117	0.224	0.051	0.197	0.147	0.125	0.172
ASV_159	0.02629	10.81602	0.958150761873928	0.971891277803937	NotSig	0.109	0.109	0.13	0.156	0.062	0.224	0.015	0.067	0.095	0.059	0.134	0.104	0.067	0.197
ASV_134	0.01713	11.16035	0.961269515204987	0.971891277803937	NotSig	0.141	0.143	0.13	0.208	0.07	0.192	0.121	0.126	0.112	0.16	0.107	0.234	0.15	0.094
ASV_169	-0.02507	10.80639	0.976144329381335	0.98064347036319	NotSig	0.107	0.112	0.019	0.451	0	0.048	0.091	0.034	0.206	0.042	0.251	0.052	0.058	0.06
ASV_474	0.01525	10.55972	0.98064347036319	0.98064347036319	NotSig	0.087	0.089	0.074	0.156	0.201	0.04	0	0.05	0.052	0.076	0.09	0.121	0.159	0.034
