Prevotella	Peptoniphilus	Anaerococcus	Porphyromonas	Bacteroides	Finegoldia	Lactobacillus	Dialister	Faecalibacterium	Streptococcus	Campylobacter	Sneathia	Gardnerella	Corynebacterium	Bifidobacterium	Coprococcus	Mobiluncus	Collinsella	Blautia	Clostridium	Ruminococcus	Atopobium	Roseburia	Lachnospira	Sutterella	Dorea	Peptostreptococcus	Phascolarctobacterium	Fusobacterium	Actinomyces	Oscillospira	Parabacteroides	Moryella	Gallicola	Megamonas	Delftia	Citrobacter	Pseudomonas	Bilophila	Parvimonas	Megasphaera	Paraprevotella	Desulfovibrio	Akkermansia	Peptococcus	Bulleidia	Odoribacter	Staphylococcus	Butyricimonas	Arcanobacterium	Haemophilus	Varibaculum	Granulicatella	Neisseria	Veillonella	Anaerostipes	Rothia	Shuttleworthia	Mogibacterium	Acidaminococcus	Aerococcus	Eggerthella	Slackia	Coprobacillus	Facklamia	Aggregatibacter	Alloscardovia	Lachnobacterium	Acinetobacter	Gemella	Capnocytophaga	Catenibacterium	Leptotrichia	Arthrobacter	Adlercreutzia	Aeromonas	Ureaplasma	Mitsuokella	Turicibacter	Lautropia	Lactococcus	Nitrospira	Vibrio	Escherichia	Bacillus	Anaerotruncus	Synechococcus	Streptomyces
Prevotella	0	1	1	1	1	1	1	1	1	1	1	1	1	1	1	1	1	1	1	1	1	1	1	1	1	1	1	1	1	1	1	1	1	1	1	1	1	1	1	1	1	1	1	1	1	1	1	1	1	1	1	1	1	1	1	1	1	1	1	1	1	1	1	1	1	1	1	1	1	1	1	1	1	1	1	1	1	1	1	1	1	1	1	1	1	1	1	1
Peptoniphilus	0.0921118573466566	0	0.0249544325374922	1	1	0.0909285346810153	1	1	1	1	1	1	1	1	1	1	1	1	1	1	1	1	1	1	1	1	1	1	1	1	1	1	1	1	1	1	1	1	1	1	1	1	1	1	1	1	1	1	1	1	1	1	1	1	1	1	1	1	1	1	1	1	1	1	1	1	1	1	1	1	1	1	1	1	1	1	1	1	1	1	1	1	1	1	1	1	1	1
Anaerococcus	0.00393635926997501	6.77925360975066e-06	0	1	1	5.06899821241289e-06	1	1	1	1	1	1	1	1	1	1	1	1	1	1	1	1	1	1	1	1	1	1	1	1	1	1	1	1	1	0.00562512352583609	1	1	1	1	1	1	1	1	1	1	1	1	1	1	1	1	1	1	1	1	1	1	1	1	1	1	1	1	1	1	1	1	1	1	1	1	1	1	1	1	1	1	1	1	1	1	1	1	1	1	1	1
Porphyromonas	0.109119092101309	0.230037737105479	0.746154363749455	0	1	1	1	1	1	1	1	1	1	1	1	1	1	1	1	0.0027559226617021	1	1	1	1	1	1	1	1	1	1	1	1	1	1	1	1	1	1	1	1	1	1	1	1	1	1	1	1	1	1	1	1	1	1	1	1	1	1	1	1	1	1	1	1	1	1	1	1	1	1	1	1	1	1	1	1	1	1	1	1	1	1	1	1	1	1	1	1
Bacteroides	0.711135953821588	0.000355382972333359	0.000733028835497623	0.18954618602163	0	1	1	1	1	1	1	1	1	1	1	0.00144383156313089	1	1	1	1	1	1	1	0.000236238677413753	0.00115934628949222	0.0456946191189565	1	0.0021526206693146	1	1	3.04838063475052e-07	1.44376812667934e-08	1	1	1	1	1	1	0.000179553837680528	1	1	1	1	0.0205592433338781	1	1	3.33025254297891e-06	1	8.27881620811784e-05	1	1	1	1	1	1	1	0.0264936223589239	0.924771580681832	1	1	1	1	1	1	1	1	1	1	1	1	1	1	1	1	1	1	1	1	1	1	1	1	1	1	1	1	1	1
Finegoldia	0.00141332309702079	2.48574452381124e-05	1.34491860239132e-09	0.460859710353427	0.0295779278545119	0	1	1	1	1	1	1	1	1	1	1	1	1	1	1	1	1	1	1	1	1	1	1	1	1	1	1	1	1	1	3.89606102473969e-08	1	1	1	1	1	1	1	1	1	1	1	1	1	1	1	1	1	1	1	1	1	1	1	1	1	1	1	1	1	1	1	1	1	1	1	1	1	1	1	1	1	1	1	1	1	1	1	1	1	1	1	1
Lactobacillus	0.0512924218719645	0.216493516674423	0.574534174264778	0.550399753584799	0.286411466783048	0.597855758218607	0	1	1	1	1	1	1	1	1	1	1	1	1	1	1	1	1	1	1	1	1	1	1	1	1	1	1	1	1	1	1	1	1	1	1	1	1	1	1	1	1	1	1	1	1	1	1	1	1	1	1	1	1	1	1	1	1	1	1	1	1	1	1	1	1	1	1	1	1	1	1	1	1	1	1	1	1	1	1	1	1	1
Dialister	0.00425311435200962	0.107162406898808	0.87327826565455	0.560086086286303	0.0373317433420636	0.629892823877713	0.188947878937748	0	1	1	1	1	1	1	1	1	1	1	1	1	1	1	1	1	1	1	1	1	1	1	1	1	1	1	1	1	1	1	1	1	1	1	1	1	1	1	1	1	1	1	1	1	1	1	1	1	1	1	1	1	1	1	1	1	1	1	1	1	1	1	1	1	1	1	1	1	1	1	1	1	1	1	1	1	1	1	1	1
Faecalibacterium	0.225219370234322	0.00159916617192916	0.0301809136029952	0.199572555928922	0.00157518636245128	0.0814832948341955	0.419616401941848	0.0152091430382979	0	1	1	1	1	1	2.39975360275328e-11	0.00482353171743462	1	0.00161300293428605	1.21583591675775e-09	1	4.60063054936251e-07	1	0.13837507373033	1	1	1.54868501767629e-05	1	0.105602734087748	1	1	0.000449300965808078	1	1	1	1	1	1	1	1	1	1	1	1	1	1	1	1	1	1	1	1	1	1	1	1	0.00013821764778878	1	1	1	1	1	1	1	1	1	1	1	0.20298297883076	1	1	1	1	1	1	9.19429717432023e-09	1	1	1	1	1	1	1	1	1	1	1	1	1
Streptococcus	0.075820101032609	0.0860520772838605	0.202026453504563	0.055838134705968	0.550619687130455	0.574348740645048	0.400708409680648	0.885596660614647	0.463300699000159	0	1	1	1	1	1	1	1	1	1	1	1	1	1	1	1	1	1	1	1	1	1	1	1	1	1	1	1	1	1	1	1	1	1	1	1	1	1	1	1	1	1	1	1	1	1	1	1	1	1	1	1	1	1	1	1	1	0.118348501170117	1	1	1	1	1	1	1	1	1	1	1	1	1	1	1	1	1	1	1	1	1
Campylobacter	0.272479058204514	0.148322958573073	0.140588790347325	0.509027619434363	0.737726890247423	0.20099887182752	0.480913259277117	0.0308824843746678	0.219709804167603	0.488305331074004	0	1	1	1	1	1	1	1	1	1	1	1	1	1	1	1	1	1	1	1	1	1	1	1	1	1	1	1	1	1	1	1	1	1	1	1	1	1	1	1	1	1	1	1	1	1	1	1	1	1	1	1	1	1	1	1	1	1	1	1	1	1	1	1	1	1	1	1	1	1	1	1	1	1	1	1	1	1
Sneathia	0.194511463507232	0.129527425007507	0.394286180961651	0.384771688705706	0.411482884711515	0.313602118307211	0.605259199937054	0.63412687735939	0.412199712344982	0.659419819617144	0.492649357322838	0	1	1	1	1	1	1	1	1	1	2.28949096455251e-07	1	1	1	1	1	1	0.104562428895083	1	1	1	1	1	1	1	1	1	1	1	1	1	1	1	1	1	1	1	1	1	1	1	1	1	1	1	1	1	1	1	1	1	1	1	1	1	1	1	1	7.45657657096339e-07	1	1	1	1	1	1	1	1	1	1	1	1	1	1	1	1	1	1
Gardnerella	0.144918490900492	0.185243734954952	0.275382840227546	0.249150453935469	0.352135364606858	0.893309383582096	0.566097948904653	0.907891811068714	0.830845144179977	0.013750313363577	0.982904730669254	0.149462703907178	0	1	1	1	1	1	1	1	1	0.997285396162731	1	1	1	1	1	1	1	1	1	1	1	1	1	1	1	1	1	1	1	1	1	1	1	1	1	1	1	1	1	1	1	1	1	1	1	1	1	1	1	1	1	1	1	1	1	1	1	1	1	1	1	1	1	1	1	1	1	1	1	1	1	0.0205857120814463	1	1	1	1
Corynebacterium	0.275309462346496	0.964430586970022	0.278908812138126	0.0187284473292281	0.153290029158218	0.753303768823571	0.982014970147117	0.450752634755856	0.24486685611975	0.724241083891991	0.633038273754559	0.559296166304139	0.425534290665152	0	1	1	1	1	1	1	1	1	1	1	1	1	1	1	1	1	1	1	1	1	1	1	1	1	1	1	1	1	1	1	1	1	1	1	1	1	1	1	1	1	1	1	1	1	1	1	1	1	1	1	1	1	1	1	1	1	1	1	1	1	1	1	1	1	1	1	1	1	1	1	1	1	1	1
Bifidobacterium	0.181573118846901	0.0354998947460742	0.0982966819027185	0.191017878247056	0.0139709401799541	0.577601225132612	0.443021490204816	0.0139461448184491	6.29856588649155e-15	0.610271993433749	0.140510192375143	0.371318158628135	0.507422921994734	0.345888512886951	0	1	1	1	2.81412922786169e-10	1	0.0539732144228519	1	1	1	1	2.60615137777424e-05	1	1	1	1	0.0606303604264521	1	1	1	1	1	1	1	1	1	1	1	1	1	1	1	1	1	1	1	1	1	1	1	1	0.000111558498617532	1	1	1	1	1	1	1	1	1	1	1	1	1	1	1	1	1	1	1.49556232395079e-06	1	1	1	1	1	1	1	1	1	1	1	1	1
Coprococcus	0.272506434957798	0.00576348576134608	0.0534778900469895	0.150267894253191	3.88126764282496e-07	0.192147944592383	0.467362145707204	0.0088657469725858	1.30224938375665e-06	0.452776044107581	0.315888416411166	0.458204743182241	0.456611045028889	0.254631429311868	0.000947205747383447	0	1	1	0.229779623659337	1	0.000399429935161546	1	0.286750248433977	3.26395501511134e-15	1	0.525578016076628	1	1	1	1	0.0151398890827731	0.261624403640653	1	1	1	1	1	1	1	1	1	1	1	0.027670045871948	1	1	1	1	0.072336398993413	1	1	1	1	1	1	0.0864299901768614	0.00408717851570934	0.187543804369871	1	1	1	1	1	1	1	1	1	1	1	1	1	1	1	1	0.704091536400682	1	1	1	1	1	1	1	1	1	1	1	1	1
Mobiluncus	0.461439805112584	0.29323810228513	0.12951903216669	0.715536577496173	0.0994801999637348	0.225980379466963	0.807612178891732	0.765810340169063	0.635810375883469	0.447030434830995	0.783866904636386	0.794943720042145	0.902959597014652	0.849409977794852	0.87672781815315	0.755302247825008	0	1	1	1	1	1	1	1	1	1	1	1	1	1	1	1	1	1	1	1	1	1	1	1	1	1	1	1	1	1	1	1	1	1	1	1	1	1	1	1	1	1	1	1	1	1	1	1	1	1	1	1	1	1	1	1	1	1	1	1	1	1	1	1	1	1	1	1	1	1	1	1
Collinsella	0.410383035111163	0.0323993613609331	0.0692161912563881	0.565530700109022	0.00901799999023572	0.160740408592477	0.388119241970517	0.0651383261383156	4.33719530595872e-07	0.232888112702802	0.221415211155961	0.430904048734793	0.444356743403326	0.363291195929056	0.000436510815126719	0.00187334591911362	0.600924022838693	0	1	1	5.7157211342151e-07	1	1	0.145537672143026	1	0.0423669179969371	1	1	1	1	0.00888985447624114	1	1	1	1	1	1	1	1	1	1	1	0.0085871255859826	1	1	1	1	1	1	1	1	1	1	1	1	0.381385653915015	1	1	1	1	1	1	1	1	1	1	1	0.113869642236084	1	1	1	1	1	1	0.0151456238937428	1	1	1	1	1	1	1	1	1	1	1	1	1
Blautia	0.0764286072897633	0.0262033250596746	0.162355341608159	0.139933628958566	0.00517001727051899	0.743463650371986	0.481363101339925	0.0175214021140852	3.19788510457062e-13	0.546066455266659	0.244474015857674	0.385284124942947	0.361764951570107	0.308761213525625	7.39392860709849e-14	6.31609740679871e-05	0.860815153226526	0.000290283357474478	0	1	0.000206330211280001	1	1	1	1	0.00399599948528553	1	1	1	1	0.0108408413696835	1	1	1	1	1	1	1	1	1	1	1	1	1	1	1	1	1	1	1	1	1	1	1	1	6.34494290747025e-06	1	1	1	1	1	1	1	1	1	1	1	1	1	1	1	1	1	1	4.04442738019218e-12	1	1	1	1	1	1	1	1	1	1	1	1	1
Clostridium	0.216050167853362	0.995689818529535	0.642157058619649	7.42636125492347e-07	0.959007708060675	0.14724816416433	0.63582563202013	0.452933356890775	0.88891129116536	0.305910478009262	0.548607450621293	0.439566642154338	0.142692789082191	0.0676572633790546	0.632424332730339	0.692761928934144	0.675307680250538	0.297673593125047	0.860727285432324	0	1	1	1	1	1	1	1	1	1	1	1	1	1	1	1	1	1	1	1	1	1	1	1	1	1	1	1	1	1	1	1	1	1	1	1	1	1	1	1	1	1	1	1	1	1	1	1	1	1	1	1	1	1	1	1	1	1	1	1	1	1	1	1	1	1	1	1	1
Ruminococcus	0.15075678998638	0.00393674638961543	0.0399790695160659	0.222869455875275	0.00039822860808956	0.0987323882240478	0.50785533686073	0.0126063558274994	1.21581145596261e-10	0.4631823341656	0.205538473536471	0.494521311594254	0.425138287663087	0.362498588978508	1.47226444143077e-05	1.06828011543607e-07	0.750561056340147	1.5116956186763e-10	5.5080141825948e-08	0.307583734791426	0	1	1	4.01089184852454e-05	0.000857673601174873	0.150360395758986	1	0.00103095610050648	1	1	4.21579807143002e-08	0.0433847317166991	1	1	1	1	1	1	1	1	1	1	1.69263228073784e-05	0.156858039814138	1	1	0.000611983700513889	1	1	1	1	1	1	1	1	0.41142889598772	1	1	1	1	1	1	1	1	1	1	1	1	1	1	1	1	1	1	2.04665562366148e-09	1	1	1	1	1	1	1	1	1	1	1	1	1
Atopobium	0.0892330260978892	0.113293384379783	0.242193195242287	0.141285767318849	0.479775041144532	0.377529511804852	0.604117882101126	0.966325166959474	0.268099162007223	0.0363789959416585	0.478550187836838	6.04406273641106e-11	0.000276179838317012	0.395235298949827	0.29123831285365	0.298912701560759	0.947898821736097	0.235631776931212	0.262056841842395	0.139337731457437	0.236280268412647	0	1	1	1	1	1	1	1	1	1	1	1	1	1	1	1	1	1	1	1	1	1	1	1	1	1	1	1	1	1	1	1	1	1	1	1	1	1	1	1	1	1	1	1	1	1	1	1	1.07596266843693e-11	1	1	1	1	1	1	1	1	1	1	1	1	1	1	1	1	1	1
Roseburia	0.32039464726539	0.00397056426284241	0.0251421149734754	0.241872250323023	0.00145693170871245	0.0822047467683348	0.427604311243544	0.021409767372999	3.79317636322175e-05	0.443626776338973	0.337512637160513	0.29694339831408	0.432538168666561	0.286537762774018	0.000574690531804864	7.89293279476952e-05	0.0675017176894882	0.0151727946174755	0.0045464932227356	0.472936987887543	0.0143066052379585	0.603075486391296	0	1	1	0.000522589796824669	1	1	1	1	1	1	1	1	1	1	1	1	1	1	1	1	1	1	1	1	1	1	1	1	1	1	1	1	1	1	1	1	1	1	1	1	1	1	1	1	1	1	1	1	1	1	1	1	1	1	1	1	1	1	1	1	1	1	1	1	1	1
Lachnospira	0.442126936776744	0.00880601229518656	0.0460811255013372	0.250183228134475	6.30810887620169e-08	0.121545703929349	0.474765426782528	0.0158169177980148	0.000355609976290916	0.360996707135167	0.386957297167233	0.480617420130663	0.430928405269259	0.310821402050163	0.0590764976343755	8.54662219196476e-19	0.961083566054539	3.99170795784493e-05	0.0183193166731393	0.428262501077316	1.06757834669272e-08	0.261968391102718	0.000499503165419444	0	0.325446676752054	1	1	0.262187609354829	1	1	0.00313750451334987	0.0460430947189185	1	1	1	1	1	1	1	1	1	1	0.305910513181728	0.000863660049394648	1	1	0.0167094651584757	1	0.0816536597994964	1	1	1	1	1	1	1	0.225975353200338	1	1	1	1	1	1	1	1	1	1	1	1	1	1	1	1	1	1	1	1	1	1	1	1	1	1	1	1	1	1	1
Sutterella	0.581590467935564	0.0118412869231643	0.0139257693422312	0.221055766862983	3.11401098440027e-07	0.208920675294317	0.322124226438517	0.427743140077132	0.00722428794633261	0.57435052475601	0.666337841868458	0.407435079623393	0.714190544574528	0.404060783625179	0.0749172018112457	0.00443982048459129	0.70080206337469	0.000941330071330088	0.0189065626475289	0.403484361812299	2.30124389904715e-07	0.597433392560831	0.0908425018435606	8.96300404164291e-05	0	1	1	0.037055697325355	1	1	0.00132821713672978	0.00052754319588137	1	1	1	1	1	1	1	1	1	1	9.98222528849618e-08	0.0519617540444113	1	1	5.29064878270295e-07	1	1	1	1	1	1	1	1	1	1	1	1	1	1	0.501378102485722	1	1	1	1	1	1	1	1	1	1	1	1	0.0320923975931936	1	1	1	1	1	1	1	1	1	1	1	1	1
Dorea	0.481080260722629	0.00106032530015928	0.00205010300482612	0.101468404283732	1.24527843582064e-05	0.0506673218593137	0.291299317779503	0.037086175789485	4.11665342285031e-09	0.773459451642721	0.222884438750012	0.249665506470791	0.393654144841599	0.126445773818452	6.93125366429319e-09	0.000145067075925097	0.593603926845329	1.1534690442945e-05	1.07766976410074e-06	0.686581736214547	4.12511373824378e-05	0.342062024979673	1.39954418003393e-07	0.00253696577569131	0.003632561342004	0	1	0.946492961220546	1	1	0.00582585990471008	1	1	1	1	1	1	1	0.546650285928727	1	1	1	1	1	1	1	1	1	1	1	1	1	1	1	1	0.0020056935203503	1	1	1	1	1	1	1	1	1	1	1	1	1	1	1	1	1	1	0.0456946191189565	1	1	1	1	1	1	1	1	1	1	1	1	1
Peptostreptococcus	0.2316744414287	0.0936583056534081	0.511840701967451	0.138528829536376	0.892990361759487	0.344894627723094	0.612522778392843	0.631142329026393	0.273213405201756	0.00687331823475289	0.588960655500938	0.00204755489171471	0.280277866029855	0.568254360096934	0.194537311136951	0.335588584939313	0.610910882007097	0.244774448126165	0.332136618031078	0.147859102228095	0.370209948503692	0.000502617640039755	0.546097044770096	0.289341056440545	0.705457331549434	0.405889388790303	0	1	1	1	1	1	1	1	1	1	0.000274773369648557	1	1	0.0207963134554975	1	1	1	1	1	1	1	1	1	1	1	1	1	1	1	1	1	1	1	1	1	1	1	1	1	1	1	1	1	1	1	1	1	1	1	1	1	1	1	1	1	1	1	1	1	0.00923901420840207	1	1
Phascolarctobacterium	0.817134905748621	0.00123168202482978	0.00901207283234796	0.127076731794069	5.79752402185457e-07	0.0370821822909329	0.389926772213599	0.00769083414772016	2.89084955071852e-05	0.294317028509091	0.263929623448896	0.833450582872354	0.42169982095957	0.204641700740676	0.00121123259198687	0.000354072852942499	0.881247790041532	0.00185098476086593	0.000762400863686245	0.748800505370581	2.76841058138152e-07	0.739780170948962	0.0496324933383479	7.21484890904869e-05	1.00859274157199e-05	0.000262041240647992	0.685805680176463	0	1	1	1.12925932788108e-06	1.12038573876986e-05	1	1	1	1	1	1	1	1	1	1	1	1	1	1	6.60651412727425e-06	1	0.0172026742439337	1	1	1	1	1	1	1	1	1	1	0.0132774843449604	1	1	1	1	1	1	1	1	1	1	1	1	1	1	0.0679017833341256	1	1	1	1	1	1	1	1	1	1	1	1	1
Fusobacterium	0.242004439149597	0.274290538186243	0.307090829934849	0.664886306427818	0.779818513469289	0.231573582296912	0.632246149066097	0.465426256617535	0.457356059414675	0.869618315313107	0.59741174283944	2.8615880923668e-05	0.745554707516504	0.929478645369665	0.4114942483762	0.417347576373574	0.97996133613098	0.502335028988337	0.38637546093149	0.621880114205275	0.417882645433634	0.319696193643803	0.354404326860181	0.410216300883917	0.588642448425111	0.365493715385476	0.182246944456824	0.977568933878598	0	1	1	1	1	1	1	1	1	1	1	1	1	1	1	1	0.12962998108888	1	1	1	1	1	1	1	1	1	1	1	1	1	1	1	1	1	1	1	1	1	1	1	1	1	1	1	1	1	1	1	1	1	1	1	1	1	1	1	1	1	1	1
Actinomyces	0.0485782614378684	0.275389983518775	0.916283251658419	0.415445383782262	0.213198630302709	0.174930224385416	0.482122274124978	0.0862205123392813	0.185480108325399	0.555414098971605	0.359891223400511	0.00788633455483103	0.173434162544079	0.517058700846672	0.138415837886733	0.145985993340687	0.197236981247779	0.097815214576963	0.112648310109278	0.328784369200402	0.15682318723147	0.0701768647703495	0.342728064417997	0.181494656849843	0.199634000832205	0.0576374400640483	0.00133591334935142	0.267657835359578	0.00173941226157948	0	1	1	1	1	1	1	1	1	1	1	1	1	1	1	1	1	1	1	1	1	1	1	0.588382845581483	1	1	1	1	1	1	1	0.242746799954839	1	1	1	1	1	1	1	1	1	1	1	1	1	1	1	1	1	1	1	1	1	1	1	1	1	1	1
Oscillospira	0.299624865374847	0.000499817839987389	0.00127708131059565	0.266801508992654	8.05171852813132e-11	0.0109053737938509	0.37145776140909	0.00396962509443081	1.20198225202803e-07	0.786520227796935	0.426283124938219	0.447460278136483	0.511895264248685	0.184985180718263	1.65430724219515e-05	4.10183936135819e-06	0.0430088449653044	2.40396281131453e-06	2.93312807621308e-06	0.717188788352528	1.11205435806648e-11	0.370873483270007	0.00556559515647535	8.4591655792663e-07	3.56855759465282e-07	1.57370607906809e-06	0.615786469664747	2.98983142144845e-10	0.742291130739874	0.229309723583403	0	3.39272312835383e-06	1	1	1	1	1	1	0.00439561534757978	1	1	1	0.021540924861836	0.071423889361935	1	1	9.71193917187302e-07	1	0.000856609967911337	1	1	1	1	1	1	1	1	1	1	1	1	1	1	1	1	1	1	1	1	1	1	1	1	1	2.15984406735193e-06	1	1	1	1	1	1	1	1	1	1	1	1	1
Parabacteroides	0.46681382032423	0.00353839837395076	0.00172146472869008	0.21109285671123	3.8043955907229e-12	0.048784022877791	0.368545956592433	0.190444253317607	0.00126888683693218	0.549397933531583	0.875544331640615	0.40977471643051	0.415190278479221	0.176417196822721	0.025489820547345	7.19737011391068e-05	0.809812212652303	0.00113716989165962	0.00548768486636955	0.681327356536298	1.18150140840684e-05	0.626935690100923	0.256126630249167	1.25526430531403e-05	1.41318830935272e-07	0.000530991711022866	0.861643501816076	2.97658272786891e-09	0.902212634973505	0.386798692907931	8.99687915235702e-10	0	1	1	1	1	1	1	0.000305948632213142	1	1	1	0.226462057190477	0.00175536362638497	1	1	9.7040977557163e-06	1	0.490493173580566	1	1	1	1	1	1	1	1	1	1	1	1	5.70320398839872e-05	1	1	1	1	1	1	1	1	1	1	1	1	1	1	1	1	1	1	1	1	1	1	1	1	1	1
Moryella	0.201055383164073	0.698348263939768	0.53492267951405	0.889225696720362	0.904951961025711	0.554910768965698	0.702497544814104	0.645967521663724	0.735439835341401	0.767844920174317	0.778290632445897	0.887942364093807	0.632722730866115	0.515726036605531	0.560844867303054	0.68636932499165	0.755479237605824	0.489404415489364	0.751886029707359	0.525821131698316	0.705425462131113	0.482752802377935	0.501302613567957	0.546392987856795	0.61083103705128	0.587447592109412	0.135958943166016	0.849915863526016	0.686124230350544	0.815535608956724	0.815826571779439	0.444827132135959	0	1	1	1	1	1	1	0.0216069583624083	1	1	1	1	1	1	1	1	1	1	1	1	1	1	1	1	1	1	1	1	1	1	1	1	1	1	1	1	1	1	1	1	1	1	1	1	1	1	1	1	1	1	1	1	1	1	1	1
Gallicola	0.0566305646935729	0.0802911873946969	0.00696336637214756	0.112524971723323	0.200283506865394	0.213804451738503	0.717090034197772	0.253597416004471	0.400410683753357	0.193800210619059	0.91250507305273	0.467368920100546	0.290280113143862	0.792714934230284	0.547270906400144	0.411959138350599	0.549683097179326	0.959419801282124	0.383095055401869	0.0587946801919148	0.417407667561232	0.261798423265359	0.456772046493454	0.542127860954331	0.242569451957828	0.327786081421968	0.19934052766207	0.220688890004054	0.453778996625056	0.25320368003978	0.166690690445081	0.210182762556418	0.985717289099152	0	1	1	1	1	1	1	1	1	1	1	1	1	1	1	1	1	1	1	1	1	1	1	1	1	0.781408412271793	1	1	1	1	1	1	1	1	1	1	1	1	1	1	1	1	0.000573504148233535	1	1	1	1	1	1	1	1	1	1	1	1
Megamonas	0.573122660285553	0.58936079745757	0.255159081800191	0.732879258075932	0.351601714780579	0.548708228405746	0.76453466271168	0.72985677688441	0.951705950323648	0.651706195010872	0.997935591057579	0.788742828972512	0.91948409135643	0.79313650263724	0.962865951585288	0.541286217716209	0.211610290924914	0.205548688822985	0.904855870421526	0.812462226475507	0.87240432332564	0.817271557936137	0.494875732491198	0.704947316133234	0.695896413276435	0.0171467668376367	0.409725889693656	0.932377641008466	0.831441629629912	0.783932248925336	0.278302401375516	0.182698474581438	0.811077682850632	0.625016782635223	0	1	1	1	0.0005798481336928	1	0.000473108190401891	1	1	1	1	1	1	1	1	1	1	1	1	1	1	1	1	0.211245010082855	1	1	1	1	1	1	1	1	1	1	1	1	1	1	0.0925816561459294	1	1	1	1	1	1	1	1	1	1	1	1	1	1	1
Delftia	0.000391139218187696	0.0169129894205178	1.51907197565112e-06	0.738529156290247	0.149069761950674	1.02744225335962e-11	0.928738424546293	0.0660701957552582	0.542965845815127	0.293035172318531	0.330930077792589	0.395181571815073	0.303009624097527	0.595652465411894	0.982510858896912	0.496334164454732	0.460201582470066	0.703606384542837	0.914724727402594	0.493867189025439	0.833567835519776	0.267021617436264	0.241327366923834	0.478099823271108	0.382108343101544	0.28929485229027	0.472408018522021	0.357513033292165	0.394040009302669	0.384207145045115	0.390211294739938	0.2297222531082	0.511952453901475	0.582329542224183	0.565163231517091	0	1	1	1	1	1	1	1	1	1	1	1	1	1	1	1	1	1	1	1	1	1	1	1	1	1	1	1	1	1	1	1	1	1	1	1	1	1	1	1	1	1	1	1	1	1	1	1	1	1	1	1	1
Citrobacter	0.720987141313078	0.325590000752675	0.60927728515252	0.766119034517743	0.149590777306426	0.597128149554917	0.800980225430041	0.489923153038026	0.767109590624698	0.00149942681902255	0.818418666866645	0.776792544815711	0.834877094227416	0.698230321187612	0.603014626024759	0.891912893316171	0.899634034483807	0.605802459267591	0.990512224697903	0.72448421639789	0.993705606537165	0.989531530369164	0.550862917950001	0.822836440681244	0.413670786497687	0.913124748919656	7.34295482759372e-08	0.625343955757839	0.87970717177249	0.546386284114538	0.62477038561744	0.446001963263683	0.140648836404604	0.699793380890164	0.792788103293496	0.615003319258728	0	1	1	0.000272890124451938	1	1	1	1	1	1	1	1	1	1	1	1	1	1	1	1	1	1	1	1	1	1	1	1	1	1	1	1	1	1	1	1	1	1	1	1	1	1	1	1	1	1	1	1	1	9.21710313600066e-12	1	1
Pseudomonas	0.38948842381737	0.975463649095701	0.672238970129969	0.92215333529332	0.313257538788028	0.921593576375293	0.0949993074965585	0.766489672952392	0.46389266472683	0.854062436099049	0.605297188950369	0.721569918630932	0.777910362900049	0.020472244263434	0.440916747145747	0.508846507248267	0.759153662222805	0.531749136688489	0.509894809790161	0.828876418601896	0.766983945536655	0.742187333405552	0.361906909662295	0.517011588370719	0.439680235017435	0.361279999666437	0.454112018794752	0.493093721147173	0.672786532957026	0.772717453433711	0.875718093082054	0.396027999632373	0.717531062211846	0.929565354501278	0.703955215610082	0.233022196177025	0.809232545882134	0	1	1	1	1	1	1	1	1	1	1	1	1	1	1	1	1	1	1	1	1	1	1	1	1	1	1	1	0.359337733464397	1	1	5.99950878849939e-11	1	1	1	1	7.69039590483016e-10	1	1	0.88381631738631	1	1	1	0.000107558425560089	1	0.00598800498396098	1	3.8916939808913e-05	1	1.36425129663888e-15	2.93818500952953e-05
Bilophila	0.667233264445025	0.0108158784282516	0.00784401037555967	0.413698053547975	4.79193588685689e-08	0.0637349431041703	0.349235653894594	0.212588599313969	0.0506029713613862	0.480489521753777	0.659408936366717	0.794002325371018	0.707315249736072	0.476450336162847	0.122888316883249	0.0051392150699118	0.233110865676417	0.00221790506710515	0.151961371046953	0.940973326630206	0.0140297659310241	0.842860994366	0.34902685461524	0.00263616051757949	0.00370344205695784	0.000150966662780648	0.402733721889892	0.000989647136673269	0.922847349123208	0.413983399849716	1.18608077376681e-06	8.17825801157824e-08	0.909626314550382	0.256642349759149	1.55413597880675e-07	0.189618463274044	0.312686457622068	0.447081576040669	0	1	0.00207172059091164	1	1	1	1	1	0.550835025051374	1	1	1	1	1	1	0.495893156658183	1	1	0.000900046684654343	0.000616197044224939	1	1	1	1	1	1	1	1	1	1	1	1	1	1	0.0212311392472652	1	1	1	1	1	1	0.527862977835878	1	1	1	1	1	1	1	1
Parvimonas	0.320795511106904	0.163099850476762	0.342508118839964	0.59490699769511	0.588140657771033	0.231891074942537	0.65299352506045	0.619795350674454	0.488651064932922	0.00359500802485303	0.475118220156929	0.0682526114076646	0.573643250639078	0.477876391570156	0.352732913376484	0.649071514519896	0.63219194256372	0.826430263699041	0.637459525598888	0.62185929892497	0.715671690596135	0.291582511706277	0.332552163890336	0.510894206158705	0.910024112347293	0.45000811160281	5.64350432985007e-06	0.733434652274683	0.00401313133354157	0.178965741234169	0.988611662786406	0.523344409271855	5.8682668013059e-06	0.64745298732925	0.685112650433466	0.362443709069405	7.29067925332456e-08	0.837525864261519	0.635853902050726	0	1	1	1	1	1	1	1	1	1	1	1	1	1	1	1	1	1	1	1	1	1	1	1	1	1	1	1	1	1	1	1	1	1	1	1	1	1	1	1	1	1	1	1	1	1	1.49135733556566e-05	1	1
Megasphaera	0.145285293672202	0.26903264692672	0.12734848526416	0.270945030831386	0.064649985310119	0.418512718874723	0.720061464171254	0.782941953200497	0.715010182950532	0.304599452339722	0.7283791024086	0.694339419894016	0.936669949148692	0.520892457452346	0.80385051904572	0.707765022272726	0.812586273757653	0.673819543757982	0.778754000895344	0.367375337406101	0.443254112098373	0.288404503172876	0.941568377956191	0.671237203908815	0.915210273712627	0.0113672643222046	0.673747312068186	0.0267155870635591	0.405501039400726	0.667845540802431	0.215190050147331	0.0315582624379635	0.677579101035862	0.360895959933418	1.2663495460436e-07	0.494341080433409	0.717195525738408	0.936196812910602	5.57813837079062e-07	0.753842070181864	0	1	1	1	1	1	1	1	1	1	1	1	1	1	1	1	1	1	1	0.0916058842349248	1	1	1	1	1	1	1	1	1	1	1	1	1	1	1	1	1	1	1	1	1	1	1	1	1	1	1	1
Paraprevotella	0.766627102768893	0.630053449057148	0.114765418984361	0.167774258701683	0.620166415981788	0.223249744595127	0.59689476057301	0.0830888725717743	0.110474957366084	0.412559016249514	0.748844374374157	0.654592730170953	0.463519628635694	0.53039173611998	0.363953456338554	0.032916457939667	0.678056341785774	0.022524546567107	0.0640405559522179	0.00253778474478478	0.000835522163632977	0.364271232296788	0.2712835935928	0.0357774045765406	0.0985857166215319	0.0814122650651722	0.683780975555605	0.061696202883088	0.579705698568129	0.385992817393914	0.0267575844040428	0.144792002942399	0.675676927708145	0.644223113538795	0.160481227522701	0.602545899995227	0.910082799603331	0.620820941042895	0.679281416678984	0.754555707216045	0.862958406530425	0	1	1	1	1	1	1	1	1	1	1	1	1	1	1	1	1	1	1	1	1	1	1	1	1	1	1	1	1	1	1	1	1	1	1	1	1	1	1	1	1	1	1	1	1	1	1
Desulfovibrio	0.189612572757872	0.08841488704145	0.244816790035541	0.475844347368598	0.00196103946486069	0.368125152984669	0.681145629272473	0.356847057790566	0.0333410666545873	0.674623691680059	0.479384223672887	0.761907454139163	0.797836012991462	0.681070794334093	0.33291558973582	0.0195062227990488	0.592762550673429	2.32147217788121e-06	0.0756276648103558	0.120396858717722	4.50048466029736e-09	0.562329938585353	0.790119464967638	8.42264628804318e-05	2.63383252994622e-11	0.251616489003028	0.489030679585111	0.000293983245028692	0.735116702279704	0.392330752159526	5.84874419273311e-06	6.22319475653963e-05	0.729998738885752	0.619362694969066	0.661029498836813	0.932832811424483	0.917197797241865	0.941869822512914	0.0123183030052559	0.96972201674179	0.597556054175332	0.142661250402687	0	0.000246606077612254	1	1	1.92548902135316e-07	1	1	1	1	1	1	1	1	1	1	1	1	1	1	1	1	1	1	1	1	1	1	1	1	1	1	1	0.0851001241824288	1	1	1	1	1	1	1	1	1	1	1	1	1
Akkermansia	0.0721627443754586	0.0668994613923528	0.166868470604373	0.523542925102607	5.57614411008357e-06	0.228772571691278	0.733024281883814	0.102308063811601	0.036191935870447	0.583922011247043	0.997005667818473	0.618364826428957	0.789325346982055	0.558372618430291	0.347370785076115	7.5210779755227e-06	0.802007785646943	0.0217044334044509	0.0817427894928554	0.100304755582726	4.30455652618382e-05	0.56272589538575	0.617082350158298	2.31792820556803e-07	1.41700992758144e-05	0.350553492690812	0.558994529825292	0.00146390964860778	0.911852419393581	0.69183697384403	1.94987412945496e-05	4.72379877929217e-07	0.704464326572654	0.667308256787704	0.918479593753532	0.793611813608447	0.790742652646521	0.789669772391634	0.00596207315365882	0.544159592125621	0.576830999833899	0.0920757624136053	6.58670079092558e-08	0	1	1	8.65897983159939e-09	1	1	1	1	1	1	1	1	1	0.0921060913500184	1	1	1	1	1	1	1	1	1	1	1	1	1	1	1	1	1	1	1	1	1	1	1	1	1	1	1	1	1	1	1
Peptococcus	0.73073489344444	0.0415230617033589	0.706067663164529	0.712439807143176	0.212313833477332	0.734725239605687	0.508786719870887	0.591637645055693	0.146283241320736	0.531850502307131	0.810537316741562	0.0241262496944673	0.646167411096598	0.762915869825776	0.110736045303067	0.125952095377722	0.631410815775148	0.181636585405105	0.115629849136328	0.964294383031768	0.163273126446005	0.854081943292547	0.0468952763332389	0.135079592032309	0.154581867895626	0.0623212866932187	0.075030201325721	0.36349469288556	3.55150633120218e-05	0.1287171490753	0.219191519160603	0.326983162128067	0.906211344051389	0.248602057102758	0.683655722801184	0.5633359376322	0.304128795021088	0.989382706078606	0.400646224941573	0.014902650556023	0.793774199926358	0.917648461419151	0.464597868537716	0.610488756867142	0	1	1	1	1	1	1	1	1	1	1	1	1	1	1	1	1	1	1	1	1	1	1	1	1	1	1	1	1	1	1	1	1	1	1	1	1	1	1	1	1	1	1	1
Bulleidia	0.299155864332192	0.798813444038899	0.30669888569506	0.70278654563614	0.564196069708341	0.377082116935471	0.615962867203521	0.345716994056712	0.548810333385574	0.0855667877654609	0.0911358802266632	0.566979936785579	0.469401482454459	0.478114626777243	0.47862782397363	0.825622453918403	0.871809482626492	0.306235838194178	0.531331674058971	0.474953782771101	0.563129887161713	0.528199243029321	0.35427357781521	0.788351193898897	0.741428761977747	0.521507260987293	0.124454587750701	0.61702343570692	0.138276507716409	0.244565526483927	0.872248622139636	0.646693138115195	0.640162238173873	0.558519484480477	0.665756030115864	0.383281544607555	0.0138656045373993	0.676834176839584	0.764990373362415	0.155322988470529	0.419274557812237	0.564826349643933	0.862101856405365	0.912413688330455	0.233012246981904	0	1	1	1	1	1	1	1	1	1	1	1	1	1	1	1	1	1	1	1	1	1	1	1	1	1	1	1	1	1	1	1	1	1	1	1	1	1	1	1	1	1	1
Odoribacter	0.274465137025427	0.00237762400183153	0.0193832276784252	0.245859113687264	8.82653735218371e-10	0.061694071365892	0.519178997503488	0.0213663459783705	0.00543324528208407	0.432254645282546	0.396069069012392	0.627069350473587	0.681108428480925	0.369289556116438	0.0712352085610628	0.00036581699165359	0.308436961861056	0.0010673687164318	0.0104751904355989	0.20557604502313	1.6407069718871e-07	0.53317045263815	0.282352695489419	4.52953785808504e-06	1.39890237511976e-10	0.0179447192063542	0.598986177715976	1.75378660134703e-09	0.967906922798016	0.829539742870435	2.5706562127774e-10	2.5774496031119e-09	0.938508525460809	0.453309574997975	0.880967364592707	0.506444487086529	0.121480173428176	0.572040379163616	0.000152164371561153	0.424238415000241	0.456778269623689	0.0788857866439925	5.08178680747732e-11	2.28047928143255e-12	0.582970506608608	0.529462831123034	0	1	1	1	1	1	1	1	1	1	1	1	1	1	1	1	1	1	1	1	1	1	1	1	1	1	1	1	0.008413381322386	1	1	1	1	1	1	1	1	1	1	1	1	1
Staphylococcus	0.0199070486706834	0.491119142222883	0.0211479725258842	0.311051546007677	0.293620157763509	0.0243113773776818	0.218019018260971	0.993953954409319	0.911449584529315	0.210736072764498	0.198328398728842	0.807401271032859	0.596631517169963	0.0174883852020844	0.541774599741473	0.895073841268014	0.608968230527449	0.765647485700285	0.566030452028507	0.420526491114696	0.925467308731357	0.462709571200835	0.745972828993368	0.868514067839323	0.979981597527972	0.557417684649839	0.355205449943155	0.623468470752133	0.910648382809793	0.774774738591113	0.42284781450318	0.193293610004289	0.575498324235394	0.461200419315544	0.473709721064588	0.0939026561106915	0.700912531734399	0.350319419821185	0.289870136751408	0.460582211191341	0.487088878076235	0.313902197704221	0.898624227192919	0.471836310006185	0.445149463170743	0.363098360754556	0.36602661097836	0	1	1	1	1	1	1	1	1	1	1	1	1	1	1	1	1	1	1	1	1	1	1	1	1	1	1	1	1	1	1	1	1	1	1	1	1	1	1	1	1
Butyricimonas	0.711952328262352	0.0189390291514462	0.021075712263652	0.714725227937828	2.20533196806549e-08	0.0396406254814766	0.410848388929518	0.0182127273086997	0.00538785019046529	0.731488907443789	0.755600093737192	0.586346322194439	0.336964024717438	0.355235762480826	0.0388243695684545	1.97532493155142e-05	0.0244498585824436	0.266409923485063	0.0338115159554427	0.820858883020583	0.0154039946713205	0.489683766133709	0.00919008569198198	2.23036492213866e-05	0.0793901453682882	0.0248003403068249	0.448614524634734	4.66449952384319e-06	0.488661756938747	0.167629087025548	2.29777351907547e-07	0.000135271145499329	0.709319213426529	0.435399404241427	0.608902408972472	0.205887793604782	0.614657670175685	0.470140853993755	0.00484017114152063	0.961664031628046	0.392143284030795	0.45971804280662	0.509387109651542	0.0340781738797574	0.288347224464925	0.657092807027827	0.00340638907908875	0.376425608492937	0	1	1	1	1	1	1	1	1	1	1	1	1	1	1	1	1	1	1	1	1	1	1	1	1	1	1	1	1	1	1	1	1	1	1	1	1	1	1	1
Arcanobacterium	0.549561281993234	0.0842163795667883	0.663598109614269	0.0695862623285751	0.236440626290072	0.367134052354379	0.510087507563821	0.0193635738983832	0.297751507449009	0.788467623017791	0.334494149971158	0.493876148453813	0.80691155279104	0.163690213145231	0.202561618045678	0.204936570194199	0.474315178576074	0.350151911436686	0.286190755364383	0.52824003386646	0.262883197129573	0.634985325953948	0.715056525093996	0.292469924905867	0.428849046233821	0.212409227019055	0.932396625455684	0.153547339903713	0.692635653866447	0.989938343755613	0.1498900756869	0.133726977632448	0.930216278896592	0.881592482762216	0.536295200173145	0.781860413230396	0.638870572976681	0.732538522979035	0.321523350811785	0.919512915243023	0.372517552357066	0.237676105782932	0.523195537616228	0.264284634231422	0.610509613962325	0.593330463251494	0.203838300153392	0.422730459321213	0.558508010443851	0	1	1	1	1	1	1	1	1	1	1	1	1	1	1	1	1	1	1	1	1	1	1	1	1	1	1	1	1	1	1	1	1	1	1	1	1	1	1
Haemophilus	0.599084518899985	0.333690509119242	0.408741190061672	0.358069616488381	0.0320099924906637	0.643688444458695	0.730377447917032	0.64045448350969	0.746591586122583	0.891473470232186	0.942684712928288	0.522803434428628	0.529548528226945	0.0398831204242707	0.860251842371143	0.0134986333919737	0.731766093089926	0.987122070716282	0.778703165508103	0.643515302073344	0.910098036277152	0.92078802139034	0.500896574465907	0.0682283528092731	0.602765964485382	0.377524655291935	0.218348256396717	0.801866521585743	0.701876755744133	0.525409296955996	0.382679174050568	0.19748192940882	0.654363172770895	0.490028130479697	0.0126819525598567	0.763899019473229	0.735579719840663	0.00124056807730524	0.00363686787100127	0.489127157015047	0.0584855297491569	0.645052110520175	0.715429032866208	0.0715244818781138	0.657806897100083	0.859448852293218	0.534397743377295	0.588844886018906	0.162596634433556	0.857294567067094	0	1	1	0.00163026491357854	1	1	0.000157151284721177	0.000105875978436124	1	1	1	1	1	1	1	3.12167561511393e-14	1	1	1	1	1	1	0.000385513716803831	1	1	1	1	1	1	8.66730030406683e-05	1	1	1	1	1	1	1	1
Varibaculum	0.0208996666276904	0.000456485493369646	0.000893884520099894	0.0513848571686289	0.0579527921722316	0.115717799289508	0.704321126440152	0.820803415535569	0.0598726847541155	0.622068949816647	0.688525730061721	0.223099250194772	0.686560470642714	0.0259635704832354	0.0930679537942543	0.0378591088036224	0.352750150448545	0.285201528928442	0.116593518965973	0.200305469119871	0.0780671210700005	0.337958796600828	0.228301378834564	0.0677476469661644	0.248426209292066	0.0583346781671771	0.791690712038081	0.105692738700828	0.533691253303636	0.396750737700321	0.0675258659678532	0.177350430308033	0.867908851392865	0.0341211904301283	0.45027528448321	0.359622130061641	0.608275026120385	0.565439322988133	0.110060276516783	0.840075826957916	0.534984980446516	0.863132627151073	0.27624477888694	0.276291207392666	0.91885239315759	0.879649054392221	0.140801488766395	0.131059898528636	0.296715838290214	0.22320145398879	0.824335181444431	0	1	1	1	1	1	1	1	1	1	1	1	1	1	1	1	1	1	1	1	1	1	1	1	1	1	1	1	1	1	1	1	1	1	1	1	1
Granulicatella	0.216381978280997	0.362114740879391	0.33155353078307	0.408171273303763	0.759985792960247	0.429698139821693	0.695817675441402	0.499538593575823	0.71349515238086	0.5463687041356	0.489806853686234	0.813577539816612	0.507756072535222	0.457915131228418	0.581770025868244	0.898239737443568	0.658673742913718	0.476831416310065	0.729984466444655	0.534178730033693	0.716396430130748	0.70632802470495	0.532527861143862	0.949398077298375	0.960802227408205	0.593874358389946	0.0125497379530237	0.869320992622691	0.549402683019465	0.000162581609721327	0.889077471011038	0.987533162379347	0.841843173650987	0.513883512583149	0.921340529661907	0.452773519695094	0.0333155351471584	0.834334194236137	0.783668360828531	0.0902062334168611	0.879768464157161	0.661161488738718	0.749748093121552	0.89961519236403	0.766986863528135	0.616069373862344	0.741463683799054	0.495868976738148	0.84724898704017	0.582656863610568	0.8159461244067	0.393277023539043	0	1	1	1	1	1	1	1	1	1	1	1	1	1	1	1	1	1	1	1	1	1	1	1	1	1	1	1	1	1	1	1	1	1	1	1
Neisseria	0.435509061939505	0.277474014580166	0.289864118705986	0.761173156896442	0.00602780568033198	0.465606915035901	0.788575093806026	0.662959932913344	0.701191014088305	0.641726489873733	0.748301349190652	0.5972000516961	0.645776403239727	0.657759472400886	0.59816975120847	0.0149169138531139	0.234617928456934	0.91114972278407	0.688787117188815	0.798596945348854	0.956749452926078	0.792600214203135	0.182537841260456	0.0665720305158239	0.934371748348268	0.191286051195233	0.76471203357488	0.94149641196413	0.878432126340993	0.833460879022356	0.191183006186134	0.050348263435559	0.715764954366278	0.508810918874662	0.000381377039189607	0.983203065249897	0.78249407903792	0.567985116381732	0.000136798112181568	0.599999907690908	0.00529398676144848	0.754208393517269	0.743240643692621	0.0632092258500073	0.39493460343311	0.891705056844641	0.453097033531575	0.703538922293392	0.175583988849442	0.324570406166928	4.38478997734949e-07	0.311962137181639	0.689189675835506	0	1	1	6.77268753509943e-09	2.32812148646554e-07	1	1	1	1	1	1	1	1	1	1	1	1	0.00232624789060178	1	3.14939028194808e-33	1	1	1	1	1	1	1.36661551099581e-19	1	1	1	1	1	1	1	1
Veillonella	0.866143648092968	0.86767400285704	0.970750234105315	0.523880357139362	0.605574065330416	0.83180303258498	0.720928009605017	0.0584170819695591	0.985815150190229	0.933790799889067	0.980139611401596	0.587501002560233	0.85156255472915	0.13375433816631	0.948146851558727	0.656395690530791	0.728088099372841	0.438307508090468	0.779989357724526	0.540244427835709	0.524733900402939	0.692658873575001	0.829647969481863	0.941437772095807	0.804376006539919	0.623256546206667	0.859980047608519	0.596253302427749	0.9587640685781	0.322484102207065	0.790726198801191	0.868573235773617	0.704313866208957	0.485535809068465	0.0879480307021172	0.603466743962416	0.98537166753542	0.951312543049802	0.197056119141683	0.537538016465308	0.1722518125042	0.632450303665843	0.482546832684012	0.758758349535681	0.183332613047886	0.718283995475584	0.851178661382783	0.000345039885291473	0.787155933006426	0.719084510728003	0.128535582460757	0.372141657185903	0.753957750948739	0.00314730748534681	0	1	1	1	1	1	1	1	1	1	1	1	1	1	1	1	1	1	1	1	1	1	1	1	1	1	1	1	1	1	1	1	1	1
Anaerostipes	0.282828433328402	0.108388336989079	0.117394058549443	0.415750728720169	0.0626233896922861	0.488064365578414	0.509958895726263	0.022917087749441	3.68678708425661e-08	0.408101694160251	0.344717618735466	0.431939197223839	0.3349418779952	0.36893100541775	2.97489329646752e-08	2.36212052956713e-05	0.752743093595572	0.00010512283735254	1.68390204550697e-09	0.802705614963023	0.000113435041628817	0.319013951297123	0.00151147821922045	0.00684023775970575	0.975331559015737	5.39890584212732e-07	0.332604118081961	0.072877817970589	0.471547282938566	0.10268087657979	0.000565046588074699	0.0507696899451789	0.515569095808382	0.67507012979795	0.00267256878547483	0.794920073928372	0.612006354334751	0.663102654214023	0.00919976037025846	0.433208692934533	0.177136133678251	0.0169145630798852	0.781057155512013	0.769697847308852	0.139746024157468	0.410361548388849	0.714948839249378	0.992956238921991	0.0230401555190652	0.358695237982731	0.092151102298214	0.226303825930317	0.756768119660855	0.0435935947291614	0.707916945628135	0	1	1	1	1	1	1	1	1	1	1	1	1	1	1	1	1	1	1	1	1	1	1	1	1	1	1	1	1	1	1	1	1
Rothia	0.133663601939716	0.155772174349382	0.212690068022962	0.457957436221442	7.1993539018815e-06	0.375476027889823	0.921502252797457	0.219345773913529	0.167726940283838	0.715698010026977	0.904061852368571	0.576833587504809	0.612720270272235	0.538092390591944	0.328709993353541	1.10255692357954e-06	0.857228403650259	0.311071616842184	0.248144620131315	0.763629569703158	0.167013974239233	0.910487833521608	0.255156038475765	6.20811409891037e-05	0.286463444157466	0.0540714822219899	0.796357436271205	0.24158171455377	0.836560236106905	0.459327398646949	0.00561197422651681	0.000479129314222991	0.719524464211139	0.585955112892412	0.00179173089843851	0.789947588659675	0.859074732040306	0.659131564095107	2.41623271048146e-07	0.638247546041262	0.0134038136848255	0.971929645241978	0.272412567360759	2.51931322073354e-05	0.409410888550098	0.919892916572527	0.0115548905661987	0.655598703412482	0.00579411871372128	0.293594285238945	4.19293715904955e-08	0.266945402597505	0.534407098269908	1.78322473278026e-12	0.0185022635863643	0.0101822226381595	0	2.16121643174996e-22	1	1	1	1	1	1	1	1	1	1	1	1	1	1	2.07768317418596e-11	1	1	1	1	1	1	3.60305767164637e-18	1	1	1	1	1	1	1	1
Shuttleworthia	0.349028852650916	0.321940777002	0.28211663517122	0.506697173182632	0.000255956706526939	0.472750266578263	0.76010851075803	0.350818678189152	0.346446855153476	0.807927416343473	0.989522140046386	0.688280165567727	0.732722485257079	0.610428945637051	0.43546597094981	5.14805941174501e-05	0.78349963919939	0.716879774219215	0.458353750070488	0.965092008425596	0.72904634862233	0.988734475529846	0.33136332415159	0.00325239063555748	0.965291391051857	0.061860039418973	0.984263673380867	0.610532425762195	0.975437769980377	0.538557399607527	0.0553034769857122	0.00635712263602333	0.806057943703467	0.645654746979624	5.80184043072934e-05	0.559530162508305	0.83609724388782	0.750742895517988	1.65244581449434e-07	0.657057966464114	0.00162779233775373	0.899871652884347	0.840646966470782	0.00346839895185759	0.577104158568999	0.842880115630767	0.166685607745787	0.490456619930275	0.00985078708589211	0.392825517508555	2.82185443593081e-08	0.408790192367409	0.500158123775423	6.14766698300908e-11	0.0168685206194828	0.00505895059300497	5.65171661022479e-26	0	1	1	1	1	1	1	1	1	1	1	1	1	1	1	6.47441548179407e-11	1	1	1	1	1	1	2.36041933491165e-13	1	1	1	1	1	1	1	1
Mogibacterium	0.0296613091753821	0.0125444791540053	0.106480818063344	0.00106799200821609	0.0912544463504373	0.197262581587842	0.729753476322196	0.44628320271809	0.442309240221064	0.0474916322524351	0.411996894362084	0.331039994861105	0.202832688858875	0.890551713397257	0.56925607211307	0.358270754531953	0.58902756873139	0.57102512489438	0.371654318409233	0.00996920121459561	0.38182993721269	0.110381587320505	0.243968461298488	0.336015887921429	0.149945725491657	0.206986774231177	0.0906888123613248	0.233364874587775	0.35025328995403	0.159762616352474	0.178056874002692	0.181390219114951	0.729086394103458	0.00021609745914596	0.608723912900468	0.138898064415094	0.606362706060686	0.754366641533444	0.151500647722846	0.506453742827553	0.231300914438214	0.510014905020037	0.507223521170228	0.778438928666601	0.928534340613093	0.423633704393611	0.34995576018394	0.914161581630098	0.315464671014849	0.234476888432467	0.381581125525436	0.00292050571953263	0.422216057002143	0.489910342208512	0.858036952178024	0.536995268725272	0.570804998218042	0.617341267860062	0	1	1	1	1	1	1	1	1	1	1	1	1	1	1	1	1	0.00312020254465921	1	1	1	1	1	0.0136290206365234	1	1	1	1	1	1
Acidaminococcus	0.257245076140033	0.333353717541913	0.427443753567074	0.746903962907235	0.172075980462965	0.543447116403391	0.81831806648272	0.385369681398503	0.994187704874123	0.0702459546171857	0.542337263409086	0.755509466574156	0.584177088255075	0.984746613813142	0.75945050147471	0.655142710904733	0.681817295217141	0.56370795144997	0.895967399591931	0.85263783255877	0.695281338860542	0.844572992249814	0.875133624646816	0.894920092758207	0.987699887118152	0.54705767937449	0.533883588007652	3.59531122257253e-06	0.759535817183206	0.506008623577017	0.388348043214923	0.0928314009891999	0.815175485218589	0.727178077465099	0.793304111579223	0.696963855032772	0.868816105244826	0.785154472041479	0.337160329671054	0.713592036663903	2.50494624651148e-05	0.71182478350262	0.776477089025662	0.75682423269867	0.547670319293126	0.242827551617386	0.113470975870096	0.746248738485485	0.0117099108186464	0.629289929760099	0.701530977968802	0.772235418835744	0.776607021546795	0.750665286205612	0.847478391403041	0.590399591234895	0.737758803381278	0.815256726232245	0.643534148009756	0	1	1	1	1	1	1	1	1	1	1	1	1	1	1	1	1	1	1	1	1	1	1	1	1	1	1	1	1
Aerococcus	0.630327717610973	0.190668400698593	0.477358282412342	0.481692615449978	0.99700752272297	0.384610719349071	0.845232116047953	0.463118068059857	0.967330180666461	0.745246443066739	0.589414679536678	0.0242235986449717	0.00388107128167869	0.555269366909906	0.604074971122183	0.571123900082667	0.101783703076863	0.6465446072713	0.635210665615947	0.436023310034885	0.645579305777037	0.00153858500413662	0.766163191122506	0.660884940243692	0.638626695064376	0.630248882235521	0.00377613745113232	0.9981090318985	0.643582374748547	6.67436898418584e-05	0.976091098732345	0.439383025534115	0.915144096564296	0.600860472963587	0.223202512728818	0.450085887620718	0.530570904550403	0.691723984918872	0.72441169183812	0.906928173249472	0.965283609881212	0.990859194067987	0.681686532852598	0.0800639563082351	0.810254239900388	0.858177551775581	0.362059473121626	0.497267060191598	0.453115907162072	0.481543605833613	0.637320247143987	0.460307386573495	0.89879374682279	0.767753750941578	0.683819818223481	0.475069510342248	0.712929340663717	0.825964665725683	0.723128538477082	0.771289570754887	0	1	1	1	1	1	1	1	1	1	1	1	1	1	1	1	1	1	1	1	1	1	1	1	1	1	1	1
Eggerthella	0.505945052934684	0.19787897876882	0.0599740669461715	0.157514086805095	0.000748923770011962	0.808210081149209	0.438065611028958	0.663333042347804	0.129307059406925	0.165390394816454	0.407383173019171	0.820141733358723	0.204183167832603	0.204292607245799	0.156432084983111	0.291265994876065	0.761644724202167	0.0724555963801816	0.0144251586555104	0.861610607190912	0.0191145796191159	0.75488775448861	0.479560292132353	0.296936715667355	0.000138349366028069	0.0200528849451447	0.442197138013225	0.00061322791875433	0.811945015309573	0.249630606309143	0.00658200177074012	1.51882929118475e-08	0.606559998833644	0.324206468041283	0.569607139239543	0.512996193101163	0.0502081453917967	0.435800803910096	0.00220803442015645	0.317632770477058	0.0627704621588824	0.40507419861255	0.0306771447648106	0.183361042494016	0.344506708768734	0.712941962708433	0.00432456382355879	0.526660181223957	0.19167189063203	0.433573608886401	0.83400884033246	0.596427509508399	0.919579737285452	0.874439845775699	0.836873729931693	0.257522643394241	0.451923424811822	0.675924818633638	0.321642085784243	0.191437155438364	0.897375781390797	0	1	0.0439883451031608	1	1	1	1	1	1	1	1	1	1	1	1	1	1	1	1	1	1	1	1	1	1	1	1
Slackia	0.00707806620266638	0.997710375405592	0.494278451303994	0.117334817958911	0.544690156024255	0.669454387173731	0.427015593297551	0.99951714049351	0.598931146796724	0.0201495398499534	0.268973073996566	0.428810805269532	0.183475634366021	0.256486074740422	0.735159909698559	0.452841505858338	0.465549167878406	0.543444476990363	0.458483741245189	0.209770519964882	0.408203026697344	0.0968626711435873	0.539280911138458	0.375897964141745	0.543444545878508	0.478666210555201	0.964000984611386	0.209363693507791	0.987051445945219	0.883583462327561	0.60471300880081	0.851495503497959	0.00032239648689916	0.421377390563343	0.693151069584336	0.230844407849292	0.610874561286224	0.547429298510289	0.688118564916396	0.0648777825379204	0.373187979353155	0.546787451098642	0.833335440767691	0.539349223152529	0.892210426822581	0.235867712245248	0.959982516221047	0.572884395028136	0.909804445881004	0.0546684695248832	0.259670525545632	0.222663187061532	0.907915602753274	0.347767457214501	0.459770246977568	0.301754281213536	0.338669462652726	0.471055327544183	0.354486899511642	0.0105850280539452	0.839730876677302	0.582995966656876	0	1	1	1	1	1	1	1	1	1	1	1	1	1	1	1	1	1	1	1	1	1	1	1	1	1
Coprobacillus	0.314173333294697	0.849216398153913	0.13167584360116	0.370180766172637	0.351482047583775	0.82577044990535	0.675732664447702	0.00835734061604657	0.414273584070323	0.589464894455523	0.252285145783846	0.284840613269513	0.554274329046462	0.356559881145339	0.543536671837112	0.364312316023909	0.985828435480217	0.755409369523172	0.464314119620172	0.401397610089141	0.335917108292118	0.412988490389266	0.279434315929001	0.339261128757035	0.472237121994059	0.273309052948983	0.958040983026215	0.561949752989109	0.0125344591217918	0.363605358906741	0.765079662379638	0.0151876691581412	0.945317757249947	0.5263297747365	0.0663010106181516	0.371043009076127	0.729555082489356	0.687168921167753	0.0508269167517242	0.484218298785283	0.00374890299236815	0.569726381757055	0.5951452464337	0.614875586383069	0.237512181733982	0.868469367847392	0.904576153452002	0.298953237101416	0.582962494977148	0.548255581512392	0.744773220083266	0.474902714247894	0.954747604304777	0.434701254980878	0.479862357788867	0.81358295316985	0.502885256989029	0.352744743306837	0.364888438355629	0.428696767391905	0.97812095789302	1.19826600662383e-05	0.942424439254795	0	1	1	1	1	1	1	1	1	1	1	1	1	1	1	1	1	1	1	1	1	1	1	1	1
Facklamia	0.731376656548874	0.629248968267416	0.467883469121238	0.512840648147567	0.43623769190459	0.556567394245103	0.822818351531854	0.858465920495437	0.663791510716212	0.257195926855228	0.678400500853559	0.68830716459432	0.00390124721995334	0.710425916571718	0.863619873095924	0.623542410515282	0.661268257103783	0.99447120527155	0.70586495708784	0.680275048586762	0.606691954245624	0.206965309909426	0.0402080425675636	0.668484644747983	0.922705153893119	0.817404234395656	0.64998949244232	0.614080536699108	0.768396333157858	0.931409223429085	0.573848698112412	0.378831013867337	0.751832783171854	0.926464208836712	0.728585681199261	0.954552393645377	0.834394770872668	0.955076889591053	0.441529961079922	0.806352759054835	0.920041256250699	0.664861056159515	0.738944071058858	0.695644947233265	0.521906004258899	0.660955377854219	0.584181094376861	0.53302417975964	0.495506392306729	0.0109713587339321	0.831903386571592	0.0149225706855268	0.722399002363277	0.701171742635191	0.475301565919954	0.832999691056816	0.718918432073578	0.767390610448342	0.625287284807704	0.81520737624922	0.949920992688451	0.426200557908229	0.53707451623413	0.623907327852726	0	1	1	1	1	1	1	1	1	1	1	1	1	1	1	1	1	1	1	1	1	1	1	1
Aggregatibacter	0.966574499726682	0.622539263503816	0.628951420612925	0.361345591658922	0.491223645049671	0.72923968106599	0.670877622052781	0.92659935077293	0.876355643238191	0.831768925250717	0.87820170996751	0.649650165214557	0.538122467944144	0.00122680328992452	0.846005588712276	0.393006308866337	0.933837605055505	0.814083112760217	0.825610660126032	0.6148880013044	0.72831477539676	0.95083865543108	0.864898750251206	0.598603878974542	0.50380947626284	0.795654363969209	0.0535274860967023	0.693893119257972	0.775305455867047	0.677658300827302	0.882406891567205	0.671459558158263	0.748682775609245	0.610344208083751	0.0779303181978593	0.647414722006544	0.814967673604145	9.90183889403133e-05	0.08745968537908	0.609640443691832	0.203558055149022	0.729447064165399	0.727347370613555	0.476535349537915	0.947717090429691	0.851715967164664	0.906728150317065	0.562918983658801	0.75731203746317	0.434168749548601	8.17834848078054e-18	0.599818734557819	0.990112579717699	0.0199659209114685	0.547068184078793	0.464553736049864	0.012131587779149	0.00576942954177716	0.504740702657078	0.791087977931729	0.74167436122598	0.776832944739066	0.413488196273612	0.830080665482814	0.956048360015285	0	1	1	1	1	1	1	1	1	1	1	1	1	1	1	1	1	1	1	1	1	1	1
Alloscardovia	0.569754129267736	0.521092437339834	0.532410030635409	0.759056383449205	0.980933796396736	0.480717131783485	0.837713972734531	0.923241610592648	0.760751694244268	3.24153659737378e-05	0.974804925951164	0.707695318929979	0.800502710595383	0.846898640229413	0.927864933413299	0.98717668121009	0.911092808376663	0.693814339847281	0.817863192009493	0.660984115321601	0.755502875030675	0.986031685616277	0.878908792520232	0.851815343419543	0.75154624987829	0.828178713057987	0.988450148656987	0.65467872824658	0.577719025529183	0.472293893432748	0.610901653537922	0.80982239900954	0.798142640353092	0.700724394890336	0.895976897947685	0.626079048442706	0.846896871248766	0.777085390288783	0.876929402370571	0.258222309784531	0.960391514705894	0.690727977116117	0.74752412270128	0.953300985189413	0.50184964844873	0.721603152607564	0.893913105652238	0.563535730309008	0.761981748813687	0.924834710026814	0.766848725090386	0.569811214520138	0.825857260345691	0.356869477562352	0.636939131269937	0.854952906149744	0.600740985959354	0.659077998613688	0.550548571426145	0.826002854203431	0.759041673768729	0.581994358028775	0.921716623466472	0.79304205799578	0.524184517444408	0.943469270128703	0	1	1	1	1	1	1	1	1	1	1	1	1	1	1	1	1	1	1	1	1	1
Lachnobacterium	0.247503752978488	0.155324604233544	0.456872378385276	0.593011581023173	0.266667631516754	0.311024703101653	0.709394141258659	0.234142733796916	5.5733931584503e-05	0.506564724356884	0.615163300700658	0.692637371090772	0.876431933094971	0.566172872304833	0.00535376606030303	0.0297724486225505	0.573804220079869	3.11800772826078e-05	0.0837913094292645	0.741934985632455	0.00103810555680284	0.476539098203174	0.0680869557183577	0.00882995553193127	0.300657310983163	0.0261128388598077	0.549093859062357	0.00983584230620426	0.830568104833346	0.874016175137962	0.00348354616451033	0.0972414722216799	0.734038915383154	0.598625249944946	0.917925145071381	0.713473707768797	0.809594144120641	0.728412667252202	0.0656733849149232	0.590854600344483	0.57523260813124	0.894643092075742	0.142539231406542	0.600210298998199	0.484380984158477	0.725628743892606	0.379293082220884	0.295503061894707	0.0646367555380226	0.542723296475937	0.585772631846984	0.259737393877396	0.696717469178713	0.641642226434848	0.603706765306791	0.03627072748981	0.916136590493248	0.732269396301674	0.779162342415033	0.784799592627794	0.405708237258952	0.431927094306903	0.537700294804089	0.628891526667029	0.730854129013371	0.699556620176046	0.747557600387408	0	1	1	1	1	1	1	1	1	1	1	7.05510458089653e-07	1	1	1	1	1	1	1	1	1
Acinetobacter	0.135286426174826	0.8699944418148	0.526677023096777	0.846106724770903	0.472209714840577	0.696123486857009	0.0365110411486426	0.483000952153918	0.495239762543956	0.663099921850217	0.535416282695477	0.709266550801391	0.966161101150458	0.569258235108419	0.504514250871294	0.536062237414833	0.814026732657628	0.560982779667989	0.575058713824387	0.892994794225881	0.790949105877163	0.706226759660475	0.492422818040775	0.533225121598608	0.534233366476074	0.472190404632454	0.832928713386732	0.572788156111522	0.726227310197901	0.828121537231499	0.805798017811239	0.558455842351454	0.720399344837483	0.82306297615359	0.833411996305023	0.0487689706748702	0.930379513721545	1.57508763153043e-14	0.592323222982012	0.97153209223846	0.90490986258715	0.593589116651021	0.887613634439019	0.79220954654987	0.706073848233135	0.667658753748422	0.617540664073658	0.14341883469502	0.675743118297086	0.549537754870198	0.274832967500726	0.985996136967487	0.888146138584053	0.382793218030862	0.721632112570627	0.763427874406939	0.501432563601844	0.787371814974294	0.444088103269299	0.759177813694185	0.915359613383701	0.626027187280538	0.5819912690976	0.883543031912941	0.827475502189222	0.477756755861262	0.750715387266053	0.958915622770797	0	1	1	1	1	5.64659154043703e-27	1	1	0.00169863027326615	1	1	1	5.56285397226016e-05	0.0115999423291321	6.98352172583819e-10	1	4.11624466915467e-15	1	6.24948241226508e-25	2.29632443498962e-09
Gemella	0.166849133161973	0.164092481527081	0.453581733648539	0.377401218828919	0.379875766503096	0.32031386109304	0.701479968624332	0.440366025665021	0.544740393684439	0.584767663360014	0.433219023982959	1.97316130483286e-10	0.115697974800549	0.424290877520849	0.405826005494978	0.878904239686712	0.927283133300497	0.813194473249474	0.525624988436708	0.405988083271396	0.862064412550816	2.82256733587862e-15	0.732578246402503	0.869472900776061	0.353045452250104	0.497532553246987	0.00234926080541653	0.789997813158872	0.71686570782246	0.103735287968554	0.603202314637522	0.565224831574765	0.128077480325743	0.583676039062209	0.771495828016828	0.470239689363271	0.75538293158004	0.980421872526644	0.912559188375614	0.303962534938948	0.787763629265666	0.819323926406483	0.904550220511783	0.585554656363679	0.987554638252578	0.588924131154503	0.495006247056761	0.636795041054031	0.717260085634719	0.33510585009053	0.580212042821263	0.301763930320274	0.704906320655026	0.714655908778536	0.359784006280747	0.839679944306781	0.685576202107272	0.760333703233524	0.466768942500643	0.724928730993586	0.00342519805447065	0.992790966225126	0.0880421103532636	0.844241762593019	0.903842985025716	0.670924095290005	0.689863029048792	0.807762884588641	0.898226926507637	0	1	1	1	1	1	1	1	1	1	1	1	1	1	1	1	1	1	1
Capnocytophaga	0.946283102566519	0.444290663291365	0.601294656613611	0.882311504232355	0.486731886667075	0.644801119767493	0.666416858133165	0.66179816275973	0.859942439098531	0.736810020546405	0.506310420618298	0.729856980349003	0.695273014540234	0.869876686831607	0.919046927336514	0.878968361655055	0.11810930504407	0.635129801994364	0.951353257294534	0.751782168629032	0.729914581941723	0.823382580075424	0.169008805646084	0.774983431508644	0.91392400949042	0.790653152586641	0.626231878887933	0.694012624290139	0.808751648021426	0.550851018849045	0.846234232506471	0.804858695393479	0.786935480768806	0.662656003012772	0.961560243090438	0.772108188217881	0.86239168960559	0.992403064712795	0.878519314491396	0.715755291028803	0.901215766084395	0.6977912301004	0.780005801448766	0.812945582530984	0.48749302951457	0.799704579311979	0.959120180148595	0.885924076761612	0.948250934490134	0.652445740585334	0.133395110624161	0.472894067704836	0.908763790840723	6.2668316018367e-07	0.108164254044762	0.812903932745175	0.203824336284035	0.527790495491937	0.563288007122217	0.936697951406579	0.838912411207047	0.77827419956069	0.584067621164063	0.897550109204298	0.797158008532388	0.646404818739725	0.297517087377389	0.763151983486502	0.940403827134841	0.719045812977253	0	1	0.251235033104874	1	1	1	1	1	1	1	1	1	1	1	1	1	1	1
Catenibacterium	0.00691147506695268	0.17371954929395	0.324095926513745	0.467723912846429	0.294532425714761	0.432652072977023	0.789959731550627	0.684855329571785	0.865474106562758	0.874127643792222	0.634564001412394	0.788102236174128	0.715920939831256	0.625476860243057	0.318675814798957	0.760929253716366	0.702438298969299	0.618201352207129	0.974856751564455	0.631958583753362	0.778427888708639	0.582802878488036	0.0785843863294201	0.640409020381585	0.775838643033022	0.00319155480659193	0.564107325709913	0.762693703227639	0.757532578584805	0.52825237556749	0.831390669116505	0.925924550872886	0.823382994230852	0.69466939275548	0.791066777130053	0.716590757510068	0.882700794406256	0.808168778406456	0.965535923451865	0.742259124313636	0.450357302731656	0.740434279872333	0.799928741882883	0.782251934346009	0.555535973482211	0.751989213269524	0.75851668383324	0.627790671668963	0.750849235346867	0.636967220610184	0.862192783699715	0.427801191578001	0.799909523531835	0.776528274508995	0.562535114848505	0.839033581160614	0.764877533147814	0.834664834679333	0.603166154481274	0.867663801377891	0.795120673965617	0.57361240263827	0.62963335610085	0.728556269048714	0.832947912694481	0.812941753509863	0.844313383247532	0.80728409454563	0.784184008308932	0.753282831005116	0.854116077761082	0	1	1	1	1	1	1	1	1	1	1	1	1	1	1	1	1
Leptotrichia	0.423044914281642	0.299947090445358	0.263113741964026	0.670421128773336	0.00223131555909994	0.487121866982741	0.930230146845271	0.610253325750182	0.593436735235901	0.635890930209329	0.765943286425103	0.57887474170574	0.648598436881351	0.617051589442483	0.501743636116658	0.00714964720696702	0.291168825132742	0.845144720793292	0.546873961535506	0.772094328047142	0.98341758746527	0.83235777775934	0.17142045671958	0.0521203796675872	0.992143140974557	0.096151429113983	0.787137534365355	0.973562458953119	0.882853927935122	0.692142834047012	0.133585261696399	0.0292635190923616	0.710556191663691	0.491124331425101	2.53301384804184e-05	0.860923155904261	0.773317074876792	0.817477569414285	5.76306711380706e-06	0.567123095967015	0.00117367418010486	0.769484463021719	0.721290862110209	0.0537380483183223	0.399214117105075	0.888510320252714	0.404722728451399	0.688872523718291	0.124778654034957	0.331376320486594	1.03078533904768e-07	0.321581974950479	0.674715728499584	8.22724734051224e-37	0.00267677955238705	0.017687566239412	5.45180575750711e-15	1.7002141496308e-14	0.463469524025939	0.741252994295781	0.758576995643784	0.761467051761116	0.346908954418829	0.356111231356666	0.685017754981026	0.0116970476300073	0.406186519144103	0.63562980659664	0.644487330347431	0.684591961082765	6.90965437582162e-05	0.768033012325327	0	1	1	1	1	1	1	4.09732074292881e-20	1	1	1	1	1	1	1	1
Arthrobacter	0.277764386151057	0.99140543544574	0.708220445912538	0.656821573705554	0.411501828594849	0.930428771744208	0.106625694908019	0.866017491139897	0.519563013644028	0.674840048722424	0.761348708228655	0.798700894797917	0.997620909997671	0.726482484510786	0.525716225404428	0.570795669697472	0.816332324910543	0.57170079361533	0.60344801948202	0.870397287461081	0.83120337935972	0.58569280550832	0.501546312960279	0.554015231518006	0.559890786712487	0.459180432947488	0.710677772284308	0.559057775070948	0.763837762152562	0.846362579766185	0.905371230009138	0.523740892078864	0.822665020809726	0.72744253071818	0.745970687612746	0.110804051640349	0.838658565156941	2.02219192869581e-13	0.470381016917678	0.974226983676809	0.904545843448879	0.647366787158904	0.931103658864974	0.785049432599538	0.728880230157235	0.696160132154726	0.542889353012543	0.212374478795506	0.53944258007858	0.826201334368505	0.330994005754015	0.881039519097317	0.928176063847234	0.278886674808051	0.547480294338229	0.834336359633989	0.467281932311943	0.772632971764447	0.677587149244955	0.817593808087011	0.73410223280919	0.566671865314524	0.71103208935146	0.858443829477704	0.883629943582442	0.646037015431944	0.859331988139393	0.739267145119269	1.4758472400515e-30	0.817351370223693	0.661783562242325	0.838016018533018	0.536829202855745	0	1	1	0.000491377890683105	1	1	1	7.13583119071849e-06	0.34115933098573	2.10922513697111e-08	1	3.00075499038587e-10	1	2.32235217239588e-27	3.42797904116965e-12
Adlercreutzia	0.0369125043153789	0.00886577467691002	0.0936096902406694	0.179106260591507	0.000387066132531405	0.287405494409397	0.479929696846118	0.0254975331150007	2.42210146847214e-12	0.80545889220194	0.208144368752812	0.494532866985412	0.392857313111921	0.413530305827357	3.96070530707306e-10	0.000194607942620421	0.65541577704382	4.1045051202555e-06	1.06041619826748e-15	0.610659651480054	5.38451887308992e-13	0.290153956897374	0.0309253511638646	0.00265858904058736	8.72550233637674e-06	1.24508498961734e-05	0.559288514928031	1.85321461064753e-05	0.455105166271309	0.190595741098217	5.72144123801836e-10	0.000679084873825812	0.712149959002283	0.402579542020439	0.495717457323655	0.931572537754313	0.581870370063442	0.571721199639613	0.0414543344835502	0.908590080550466	0.331448684829506	0.106779294004451	2.32514000498439e-05	0.00217740692191667	0.221697523607982	0.71455066383334	2.27388684388811e-06	0.755997574053151	0.0319010053395022	0.324604135174065	0.824254849645073	0.0928710451854488	0.894995643485643	0.796074965317283	0.710750388861478	0.000284335626639164	0.327826007192252	0.882116426579373	0.370443721197499	0.64370801785368	0.558588168290077	0.00669137122536329	0.360037719436621	0.424340151718438	0.645994125144548	0.693889297015816	0.84606102031831	0.0097753443283609	0.618741751389728	0.493121898978277	0.69861178977902	0.679532796656932	0.898823138602313	0.581599407549731	0	1	1	1	1	1	1	1	1	1	1	1	1	1
Aeromonas	0.23018431220497	0.782304886891921	0.247341853948886	0.6716728571918	0.58864699464305	0.572950293008173	0.258211220663665	0.408866257401764	0.621300068865521	0.563288361902227	0.600883409052395	0.775550101996966	0.620125505875999	0.81713721753401	0.680664103102687	0.640051883833876	0.901387378253947	0.624095177480261	0.648317080468322	0.277201794117631	0.671845984788438	0.577632096638109	0.626927691655846	0.665560696552679	0.545947488784181	0.595966840766145	0.610676106045002	0.677890481756734	0.748243303441201	0.680065507413338	0.60566114558927	0.579932426109965	0.81604311907006	1.53672065443069e-07	0.807164699979862	0.58647076995572	0.873722439216887	0.612814862047324	0.674332448339376	0.815867943685699	0.763256093130825	0.753357970440801	0.805865190915542	0.765259974795353	0.811537561526831	0.973264123027183	0.792808148200913	0.349063648022355	0.929309579115075	0.750968438959762	0.722936280110338	0.100739534540831	0.785695760338219	0.759782931289667	0.840045011748515	0.596735341769522	0.82160838784239	0.822108887586341	8.41024944652077e-07	0.965760648640705	0.77969530608854	0.77392096534044	0.622705284423809	0.961699281633481	0.89393130676946	0.882928109046747	0.832468794627123	0.909984530260788	0.300358224419134	0.868145065145443	0.844985909038218	0.872612499460656	0.75337342441117	0.960500711218415	0.715958083225943	0	1	1	1	1	1	5.15456618382894e-07	1	1	0.820781364531284	1	1	1
Ureaplasma	0.391389665320141	0.543583114312455	0.716814693700403	0.944835258844873	0.616119299922602	0.933194919693304	0.352797476997542	0.232014560566703	0.308852495152226	0.751589963487741	0.506112540036953	0.0211032274619794	0.452216735406068	0.71110448816052	0.53257768774688	0.341525079517073	0.831432883106307	0.391472478216217	0.446875214256617	0.463421803382737	0.474111541070079	0.000303077640407465	0.543529747581597	0.365311672125817	0.467296022439413	0.476160852916859	0.0034464564111432	0.351429611661613	0.597840110706573	0.20809771341311	0.741031974616208	0.477015916393155	0.861614164135498	0.719008914631962	0.83738754526311	0.270071954928658	0.081723229898579	0.000244553491252438	0.930532652352486	0.334214599778742	0.542639933034253	0.47149819154941	0.655688892343835	0.615015492702631	0.695559927524196	0.972479343664437	0.667283613059208	0.345557338153839	0.31308137355383	0.360050374908143	0.738561867652248	0.78269125863491	0.583660869650777	0.108067733312193	0.564754714438556	0.618777876088408	0.540789916255787	0.924488992206489	0.917673774466125	0.664854766011953	0.0303825588050015	0.914070521723663	0.456436810947429	0.552868319300506	0.977852699978319	0.78456751370492	0.869768041416845	0.570317047166173	4.56989581185406e-07	0.000588602297451744	0.140425767506251	0.815750330384764	0.251578177027096	1.31560345564419e-07	0.415755101513322	0.866875130905571	0	1	1	1	1	1	0.0357416767739906	1	0.0358967367109786	1	0.00457738211720209	0.144663515525966
Mitsuokella	0.786532732640727	0.717315189133815	0.691656432545203	0.757165212683588	0.468352309440337	0.732149754293623	0.795778722211231	0.557485582687052	0.487436714917978	0.574179290455912	0.622259997810845	0.764675557176416	0.655924294356561	0.788485145418485	0.995350916778394	0.682953468227554	0.716833978854961	0.00417609279148404	0.609291427766196	0.534199169105817	0.745421836441263	0.555857007312039	0.0255279818567481	0.235945556891237	0.854350655771394	0.213199274946671	0.559769184374227	0.556736339846955	0.814240720204779	0.515167811617483	0.845814468412621	0.603280196479386	0.815034835709044	0.145060343721091	0.974974058663629	0.699802807067917	0.877019173746952	0.81271438251171	0.695433212614268	0.73218110586565	0.720619138442601	0.983680143740102	0.970191473558099	0.771267880919213	0.672054486706875	0.915666543298226	0.840142661471215	0.631142147659472	0.93834770005957	0.954162031645565	0.907545617448723	0.725298817688454	0.790359540561905	0.765922706677938	0.708057642338539	0.14244179821718	0.981912617499048	0.826716795523054	0.92525782807995	0.861267138047709	0.785352937260743	0.558625151644392	0.598665868841252	0.720413846346027	0.594634017025216	0.806057422297577	0.836816176051845	0.805908058520318	0.797240051837835	0.74489084297663	0.847079326049192	0.875937747456964	0.757048860260115	0.83404701162358	0.718684474807509	0.998863559013305	0.686776389186853	0	1	1	1	1	1	1	1	1	1	1
Turicibacter	0.0645344195751597	0.584439978741489	0.61910157272087	0.725003057304126	0.75586368276368	0.647728534117695	0.665699050749489	0.315486968160587	0.0248655152360074	0.366976894032914	0.350880944325087	0.641892858738618	0.644551990031404	0.798561987869744	0.124149463001436	0.07300812531372	0.486948650751284	0.00389124724168788	0.133502361530682	0.689224367596753	0.0429076150412489	0.583123029583981	0.325371318637674	0.0492992523681202	0.871191466499511	0.231339788596187	0.314870946245084	0.205162285341817	0.56814288334882	0.281546243143894	0.136822058774884	0.708493057345257	0.68100021978597	0.679601757839578	0.613250521440424	0.414693043591416	0.770401353628552	0.0267767045673102	0.418102951524213	0.645964305603916	0.68975382465364	0.625114338767815	0.386170993827229	0.676972435060158	0.332318935866377	0.542388754669301	0.750767392817113	0.0103506151199167	0.394373437146296	0.642027818999439	0.92789420106494	0.418440912054408	0.721448435582781	0.975083999278863	0.673411455498041	0.0796095033228176	0.838174349071623	0.67960255493122	0.932287577082865	0.741684341081839	0.607243334384273	0.550396417647489	0.36272542857399	0.499091712306868	0.765151066519183	0.865848136731791	0.697609465018905	1.86642978330596e-10	0.00346034632050621	0.911683456561382	0.792585277738517	0.946426441221671	0.876440356935912	0.00584488126451922	0.119126692761134	0.959931431210223	0.120529950066935	0.8560322178705	0	1	1	1	1	1	1	1	1	1
Lautropia	0.235582439983818	0.245968905742177	0.318952578525101	0.689002064125323	0.00105103159237111	0.446323788664568	0.765689692025176	0.401564346620316	0.486397223747841	0.642753335603283	0.88254313143085	0.605789249835292	0.681066729413681	0.617172978500558	0.544184753290605	0.000308467854570773	0.504822120551335	0.975063802306364	0.57320201335997	0.894754868540801	0.822010106373923	0.850021436427152	0.210434209412759	0.00679401413197635	0.920277844591638	0.208695045109703	0.954000626507152	0.818324502087365	0.85439556241035	0.694394835377278	0.0920603445373261	0.0203828755703005	0.714346489536747	0.520098710606112	0.0037857096736299	0.962364795060062	0.782921724150781	0.267427353756641	0.000145737983941435	0.626927877112279	0.0176828402967217	0.723288063370392	0.796954941398433	0.00625331343000954	0.415830520683714	0.976316989245	0.265573948204886	0.781111283755348	0.0252009978799412	0.295933631104467	2.30943253505644e-08	0.305705243096768	0.560195094627441	3.57565544478234e-23	0.00586806950982078	0.0256754801070748	9.42961965884945e-22	6.18558525920243e-17	0.586425625909122	0.752927088366087	0.736903653254903	0.956168202699915	0.365933354427447	0.585642099817868	0.712096551483568	0.0149556152069444	0.482512566312469	0.644774553139867	0.127253393786117	0.751724987147601	0.0016995521936088	0.778568725700204	1.07175536043129e-23	0.0892014038388916	0.944736620901672	0.761967241424782	0.0968762101212525	0.768054495787778	0.775346448348695	0	1	1	1	1	1	1	1	1
Lactococcus	0.334295907237285	0.466685174786701	0.64127292086017	0.632747473673975	0.551702969835724	0.549584309157879	0.15504061715966	0.493885346699458	0.0470869772431026	0.831039579590602	0.465697229232312	0.529496244930344	0.489563325945923	0.614131461120978	0.0223699025040944	0.888878267471318	0.752365084858484	0.569259616571781	0.0174487846965905	0.452405847850678	0.218330185809345	0.877533570125895	0.968280341625377	0.353157071279491	0.454098431507462	0.353489092258896	0.824471994154845	0.414958273187039	0.548472233152439	0.456182598265181	0.200794709623872	0.749306404032697	0.964290808167722	0.480442712237236	0.526296316933809	0.257494020802585	0.723205705465095	2.86746002559556e-08	0.481711227723494	0.855733631475338	0.737173925906021	0.844422798965279	0.716823070988007	0.5622219019505	0.854410590866196	0.637588572300135	0.734741946827611	0.65315088092729	0.877883566297984	0.506673306434532	0.166151707887359	0.613223309210852	0.729810325242314	0.232965838650301	0.929343727640444	0.0415668031472873	0.787226964666376	0.613991992656906	0.652862088618447	0.488317575143918	0.567742415698679	0.562943178796936	0.956038786620339	0.8361876372193	0.767742491545467	0.198164849840873	0.852294289497807	0.745080840496789	1.48105803308311e-08	0.876097188405017	0.163128560344374	0.7192207517213	0.493967846190057	1.89480382122105e-09	0.0922554076040458	0.71488402764429	0.000611489381870095	0.70611952270002	0.0434343241595844	0.175687272680306	0	1	0.134679399566225	1	0.0336470400325034	1	4.01352511271016e-06	0.0126229848303971
Nitrospira	0.185254480530772	0.904301161982879	0.439997945573	0.297598746537171	0.446635010562033	0.717261243268626	0.107001058307149	0.997014974493459	0.36193835306988	0.369313117958396	0.807468429514526	0.815533704278859	0.593563829180784	0.986127647076811	0.451274525635381	0.387522197425716	0.597467097100657	0.381198606752639	0.417853736032641	0.573200160828052	0.552014818845731	0.983628203529503	0.438342824612664	0.42914533942118	0.539860843279759	0.385211881274077	0.453741432194339	0.444075147905853	0.647532809425125	0.524091481268359	0.711852530475142	0.523123927939452	0.9756459090838	0.000664084055556539	0.682154339844016	0.288707592062296	0.768842589287178	0.00160005454261691	0.486337440937148	0.728973248036538	0.796220103695488	0.545734689259821	0.729461079753935	0.622528473547888	0.730282111093039	0.677811191010918	0.536346258415919	0.24656626888015	0.70571184857651	0.943075215181847	0.871307743383146	0.390212320458724	0.714922573846269	0.726396154863316	0.406211467489441	0.493072015107707	0.910433719958792	0.676832310483916	3.69150071411794e-06	0.739404821089901	0.786832708691277	0.978934969826536	0.383211997768861	0.827797374440778	0.771860347204814	0.720634349609451	0.802566351373883	0.763171965755999	3.13936192939975e-06	0.869188288396947	0.817087184919992	0.766364111294267	0.946602812539968	9.39832867729283e-05	0.513369886533687	1.36256045039094e-10	0.00537847242529341	0.8606970451771	0.202926810794027	0.537202689152457	0.0253600926435225	0	0.768069829928809	1	1.78178573988056e-10	1	1	0.00138248322141409
Vibrio	0.246079584667583	0.551091184649475	0.811802292661286	0.889408073848587	0.689435825297058	0.757635032922017	0.158302576460698	0.312027387949083	0.863194750130071	0.54714342823127	0.860986412176664	0.860615788264091	0.256616063106273	0.802456421278797	0.741657257302692	0.771793205119112	0.538736476126101	0.971305515901032	0.663872769358299	0.871548798033362	0.905415090330511	0.558803436589269	0.989625532775122	0.905664813693069	0.564641873987759	0.652870114247932	0.860455731032878	0.77686664286898	0.941658899255567	0.170832755961142	0.48138495835535	0.755990370824169	0.73629686378861	0.867668894167907	0.730953077586104	0.248885494348501	0.791394964923689	1.61794244365333e-06	0.896834893143881	0.816222505574652	0.851302264134612	0.75440570302255	0.993892485376793	0.342155475179899	0.83224567684603	0.67192471286564	0.777179369067856	0.224151010669745	0.762093060675031	0.324383646592278	0.95645828859963	0.720155795660713	0.812367536023514	0.614282008493795	0.813710026412736	0.828947045792014	0.656183329470588	0.70820411561523	0.362395091674064	0.89138274351575	0.00341073840910983	0.532228373330131	0.955117242247221	0.770187680152133	0.784493978741918	0.684399240906617	0.724752964940119	0.146836648508846	1.83583641583549e-13	0.74527779229003	0.897217962533711	0.78958803401432	0.881143326127427	5.56083611118141e-12	0.641062453796046	0.390349419195038	9.72298062404533e-06	0.801281833546967	0.00138652434002168	0.266978314149043	3.69085775736435e-05	0.000212349966803652	0	1	3.39194031912316e-06	1	4.56931576976099e-07	0.000470005721377617
Escherichia	0.0454238621147296	0.109031525125093	0.10311796710147	0.135274239652669	0.984966909672037	0.992387179645214	0.510286522389246	0.589965089394792	0.774951363660498	0.0190144427014125	0.432967419259923	0.0145436334795861	5.5848377866105e-06	0.270167672427228	0.594461634212626	0.748500657990551	0.488956952597511	0.868032492406222	0.50543682174055	0.299170366586371	0.825275371081506	0.00120949498619957	0.919209364850717	0.733103277918516	0.402510070759515	0.919896253641702	0.57115166338332	0.717384753346883	0.294098510843081	0.80655142477831	0.666211603404258	0.531613504972923	0.328512565091833	0.390893314242427	0.750133932556899	0.289076256269935	0.703475151761343	0.596436920769729	0.81089450051029	0.408965238219522	0.689531365791037	0.778066483329801	0.870135518617346	0.935713375575816	0.931007041678831	0.638336801424003	0.713332231059835	0.622609577357075	0.974069104855361	0.326956592530746	0.811673658758211	0.237347359913646	0.819446144057101	0.851804657855865	0.987389491613731	0.698434637222008	0.930888811207474	0.832611551279875	0.261824223904165	0.805318785618712	0.67832838517648	0.406339705051152	0.0141623371954697	0.141698363457453	0.743083139777976	0.734406417665435	0.662977702921134	0.829831907271494	0.646068974892105	0.103651752395019	0.737698665563319	0.761706815865729	0.847253347443299	0.701170717827496	0.468158042503263	0.689099442594854	0.889773861963857	0.687104800880892	0.988085832095934	0.994170130021324	0.57864247050509	0.663392930690957	0.682904431099024	0	1	1	1	1
Bacillus	0.121376196312555	0.950244853129386	0.369604954254316	0.499622319038345	0.459169581410184	0.765147307088582	0.0543318966970233	0.474934047280549	0.424264131827471	0.433845262925791	0.513578282048316	0.674470347722242	0.713146022366503	0.773918555781907	0.504745635146281	0.473125408325627	0.668310221918355	0.467123418343205	0.514772792434303	0.44292243563855	0.701715723737746	0.914661897317639	0.528126236809726	0.493474552960935	0.526321362047394	0.426861471401409	0.484605843159422	0.512358654297345	0.685152162475316	0.638900119809423	0.957894848313429	0.498627804073879	0.698194218213074	0.0424826132760071	0.655740162320996	0.106382532972572	0.796239908763544	1.03557583312701e-08	0.457652699290273	0.867524539770437	0.941145957941302	0.593832973660254	0.837689487773569	0.694942689072026	0.794146953458403	0.693475906890092	0.579213604885534	0.135456592220275	0.756422135516747	0.421198280570499	0.666104857442048	0.447130107653245	0.824953877727762	0.42251991219514	0.636223138551781	0.624360464636672	0.615110844682243	0.714178621932883	0.0094872908749598	0.770034867600677	0.667310373116125	0.634990844127238	0.487798606565533	0.91321772629224	0.831462576439645	0.987509434427861	0.793527097647985	0.781781249321779	1.07811541884617e-18	0.95654653118924	0.733558347863197	0.793990425397435	0.694329363067664	7.88634688669085e-14	0.577890587119583	0.000227048786868958	9.76781951319145e-06	0.855225623415905	0.0212789236800706	0.191579088057863	9.15067719132537e-06	4.68028825815751e-14	8.9924186615142e-10	0.575333373388757	0	1	1.73140676994701e-08	2.807670400794e-06
Anaerotruncus	0.819089518233787	0.163675919847481	0.259028000263615	0.64629662276503	0.0428988716175549	0.248759627268256	0.609943413844828	0.20305274287398	0.59214180613658	0.00938272123443975	0.954282031308198	0.312193188809078	0.554323769655102	0.416072589167109	0.814877714884903	0.997274281121372	0.685811043292655	0.771535193442734	0.511637076968322	0.501347606140977	0.716806340221356	0.863199882680791	0.849064978862007	0.918478755049352	0.318748855161035	0.678923767626003	2.49905712967327e-06	0.0675406701316212	0.0728220867554645	0.477806677430347	0.163666942499179	0.138722876295135	0.287553527684074	0.437114244402561	0.599091874444116	0.379187661245075	2.41728380173109e-15	0.628002086795321	0.193620726681833	3.96321375382849e-09	0.800083046503935	0.781536384929796	0.823217875050122	0.595355226905017	0.0372167549251292	0.0386272225911107	0.107940081285836	0.623237754596744	0.086893887086742	0.584582232050316	0.493886831242068	0.799707447740563	0.0421163814475301	0.570775399485789	0.725802868236472	0.927226566378533	0.657025124764245	0.676963597526971	0.396054414827876	0.443637666689793	0.786246235070312	0.0337981006889682	0.807520256675312	0.689299356006269	0.673749723214637	0.636628792745147	0.695102665008892	0.688506534311945	0.719618726165915	0.74095016098388	0.728947890164216	0.766461696004226	0.62618092456166	0.680898248959468	0.330835552451277	0.765782589157228	0.274549994904912	0.755407824907624	0.938346900939456	0.574402139690509	0.922609291516473	0.552828886439172	0.731200085077036	0.952870365454306	0.602062969227621	0	1	1
Synechococcus	0.298716084668334	0.935515373714496	0.718399169525499	0.817493863289182	0.485055598630591	0.958635008129944	0.108876324972163	0.623990635007068	0.543027797021531	0.697885074872351	0.58235729266541	0.765643504692414	0.903860365539857	0.304614905046823	0.576922966279842	0.604150539104798	0.874490820911937	0.592017695049876	0.638212403738626	0.83550124845074	0.862702095259445	0.652592855537677	0.558548713208315	0.593408623974857	0.556642619725751	0.497016090579274	0.996613112445709	0.619931844172762	0.750838088531041	0.788487723996427	0.742388626848012	0.495666359812935	0.768937358270455	0.60509116812466	0.727172878753477	0.134236050955773	0.846039235345919	3.57133847287666e-19	0.528910397128968	0.961788480100147	0.922659353562239	0.67970906705416	0.93294223759722	0.794049625930058	0.786933124106032	0.695532027275177	0.636455884400189	0.247978335473896	0.743362851725231	0.791453109853382	0.0945737005952293	0.975302111171396	0.931588229159401	0.432603244704579	0.811122583622264	0.832910238584435	0.513511087414891	0.78354018146853	0.956932009721626	0.826424078290837	0.73250724352235	0.481442259760847	0.659684373379506	0.64584760145207	0.928736552372965	0.140155917774873	0.796053783155067	0.797525530258269	1.63385161104969e-28	0.866953097432413	0.982122141408786	0.844691465859571	0.699141966598976	6.06833596131665e-31	0.679508530830975	0.847535354119445	1.23546076037843e-06	0.837211973865435	0.00662423402774965	0.138218954798253	1.06459552061277e-09	0.000823467307765901	1.2072168480214e-10	0.613115072028029	4.5635391933237e-12	0.695816091920029	0	3.73847704403869e-09
Streptomyces	0.519458438429003	0.946799897653642	0.879304299388187	0.26756655196406	0.364677106925883	0.874675624965768	0.168627415120527	0.515973204560897	0.578109473887711	0.396704291239848	0.984258436548109	0.623625165113063	0.738719678194084	0.851632520603352	0.625443961601952	0.527609969806392	0.783197570857915	0.408788646922167	0.573486587006478	0.748851638670165	0.70293206296419	0.939122648470977	0.674785797212454	0.470212185700401	0.561169578626358	0.564193050717355	0.547242517228178	0.463433072944735	0.606091945671162	0.474833065277564	0.850003524061154	0.324012168899745	0.866211335934234	0.92449441375026	0.699261533293538	0.265842557475295	0.771397408557626	7.81640066381893e-09	0.367901212100507	0.773132826843207	0.901544362923193	0.515574038402295	0.779053274885792	0.651180775788605	0.549129848271644	0.565173374023801	0.451936590116039	0.293021930783226	0.388556312473654	0.419254572473708	0.442378828218036	0.685145470024564	0.792238712316905	0.424424347731162	0.262237629728287	0.716941159877242	0.669387445689422	0.68018799065941	0.0844238487775247	0.742165911573055	0.620595096553323	0.394270340243324	0.500258670342682	0.530133665402178	0.825759991200806	0.650078265039774	0.84269172849087	0.660725663375635	6.04295903944637e-13	0.93615654641231	0.696192012442003	0.832781217325412	0.681343875524112	8.98552828615897e-16	0.575574818976788	0.522609787674251	3.96664424255459e-05	0.776029217003644	0.0300748288366328	0.198563267610308	3.41715886042152e-06	3.71535399466296e-07	1.25770864698319e-07	0.475129524501213	7.43950821620032e-10	0.618440304957276	9.84068713882255e-13	0
