	sample1	sample10	sample11	sample12	sample13	sample14	sample15	sample16	sample17	sample18	sample2	sample3	sample4	sample5	sample6	sample7	sample8	sample9
ASV_662	110	64	49	144	42	40	37	31	32	24	98	45	128	54	330	191	188	19
ASV_782	271	7	0	14	63	23	85	33	26	82	528	55	74	172	156	18	51	23
ASV_874	139	0	8	24	364	61	463	183	88	96	198	27	138	257	702	30	30	0
ASV_223	70	271	517	192	91	89	159	26	88	104	335	28	189	143	175	27	62	31
ASV_508	122	156	316	99	63	32	40	74	71	105	69	146	104	156	99	73	84	60
ASV_137	120	338	204	194	131	54	117	60	55	37	197	12	132	83	125	38	131	3
ASV_1129	182	17	0	111	44	30	66	61	17	82	118	0	28	32	316	37	60	101
ASV_513	202	11	38	9	216	78	143	110	62	118	909	81	137	84	192	11	25	35
ASV_24	344	602	1479	297	498	268	423	240	320	506	470	197	288	239	676	115	158	248
ASV_183	142	146	351	102	67	48	76	33	71	100	58	0	5	47	185	2	25	5
ASV_674	34	267	457	184	19	14	41	8	55	42	0	0	24	11	89	18	28	24
ASV_320	313	22	29	75	186	117	156	112	100	194	91	100	142	256	297	38	36	109
ASV_361	157	14	4	27	164	131	142	97	74	179	78	73	198	204	354	55	35	23
ASV_1489	145	0	6	0	91	31	109	27	31	35	60	139	198	247	232	0	0	0
ASV_105	196	316	157	117	160	211	243	131	98	123	296	63	65	116	266	66	280	671
ASV_352	242	128	123	144	170	198	109	78	111	250	577	48	113	150	30	46	45	57
ASV_136	507	184	173	323	511	115	359	243	319	322	162	230	277	262	654	216	454	518
ASV_307	53	87	135	85	71	27	62	39	45	121	131	143	352	188	137	13	44	19
ASV_328	185	235	293	117	245	192	263	136	183	166	295	67	194	218	71	54	47	53
ASV_63	273	148	121	98	149	61	148	120	112	119	398	94	134	154	291	348	188	353
ASV_858	30	45	165	193	74	115	294	88	77	83	148	35	133	179	86	263	249	43
ASV_923	100	34	62	27	61	61	91	76	141	59	129	114	166	127	114	20	53	24
ASV_492	90	275	1	140	46	14	49	26	12	9	14	2	10	14	111	255	801	596
ASV_403	72	83	290	139	63	58	113	42	81	54	60	52	96	81	44	85	58	24
ASV_535	58	36	39	43	68	70	128	79	91	56	101	46	111	115	159	125	130	51
ASV_124	212	135	293	188	183	182	357	153	267	159	365	144	452	324	259	296	272	94
ASV_798	42	138	101	92	55	31	35	31	48	32	61	0	21	19	81	26	122	246
ASV_22	832	478	595	650	702	554	422	529	792	944	775	810	1216	1021	1414	747	785	847
ASV_93	240	190	149	208	140	141	89	94	170	171	141	137	181	115	648	384	635	993
ASV_190	60	50	123	100	104	134	85	142	207	181	71	395	425	370	114	136	80	17
ASV_86	347	387	401	227	280	285	279	171	355	243	614	859	735	782	708	341	221	189
ASV_378	96	91	88	81	97	62	191	97	79	135	28	79	161	243	375	68	123	58
ASV_226	156	92	160	273	249	9	170	93	22	125	42	41	95	141	90	235	263	130
ASV_80	120	160	518	1013	724	163	1122	516	306	390	85	430	732	600	332	543	387	22
ASV_288	107	31	57	121	68	9	65	28	96	48	43	100	84	72	252	56	130	22
ASV_672	50	148	245	247	91	6	88	26	6	58	0	42	12	13	62	72	34	60
ASV_581	68	4	0	21	144	139	70	73	69	66	28	169	163	92	29	30	20	5
ASV_118	71	91	658	124	46	61	309	35	76	158	169	1	76	30	474	65	92	10
ASV_369	108	74	61	55	88	44	148	48	32	97	10	63	94	56	33	33	105	107
ASV_129	1014	49	31	98	534	106	342	216	115	279	969	221	264	513	534	29	97	147
ASV_267	71	86	117	62	122	206	52	111	164	180	76	18	62	85	136	0	15	10
ASV_202	116	53	45	95	165	239	154	128	186	265	52	57	86	182	309	93	115	46
ASV_5	1224	575	526	698	1537	1243	1093	848	1377	1948	660	708	816	1027	3793	504	826	1584
ASV_394	36	33	67	104	78	89	41	47	77	77	34	49	77	59	193	72	151	26
ASV_187	182	61	41	67	117	58	123	100	62	76	257	29	59	129	146	86	193	168
ASV_694	318	36	43	42	275	200	311	98	179	261	185	44	104	214	224	99	87	95
ASV_197	30	16	101	14	105	187	96	230	153	169	356	53	147	100	40	0	19	34
ASV_162	151	114	117	252	171	180	205	116	164	132	187	97	203	218	522	197	403	319
ASV_484	89	118	78	92	92	41	85	39	55	60	60	53	67	56	160	52	133	141
ASV_221	28	302	552	148	87	52	53	22	81	112	191	38	58	85	122	12	50	43
ASV_1159	72	0	14	60	196	153	117	177	225	249	192	84	110	85	184	32	39	5
ASV_1172	75	31	63	61	137	95	160	166	134	201	93	58	113	122	107	0	40	90
ASV_623	6	503	11	264	170	5	13	21	5	8	8	16	0	27	2	177	951	1360
ASV_1198	19	8	44	51	158	53	219	123	35	59	13	43	96	110	99	11	59	0
ASV_842	141	0	0	24	275	113	573	147	189	127	22	54	106	107	1056	2	47	0
ASV_255	237	237	14	407	190	21	97	21	15	63	142	20	18	41	198	500	1007	507
ASV_641	41	55	27	32	87	3	79	37	26	7	489	87	159	113	55	20	65	109
ASV_502	75	15	1	103	82	198	100	72	89	254	0	8	108	192	215	76	84	78
ASV_21	327	128	47	659	567	1505	523	725	1020	1184	416	672	1117	1187	1418	505	686	298
ASV_85	4	18	84	86	209	144	281	142	95	200	145	44	205	91	62	29	110	2
ASV_1301	109	139	6	58	46	82	21	40	23	47	106	0	20	18	123	40	386	239
ASV_296	67	145	145	159	84	144	151	101	181	118	220	90	158	217	187	45	81	78
ASV_13	980	1372	13	664	652	804	561	381	434	309	1461	310	1217	1444	757	887	2030	1804
ASV_227	312	79	107	98	385	204	165	201	315	244	500	132	420	393	644	98	92	9
ASV_222	34	64	388	143	44	32	165	37	78	142	30	10	64	25	402	37	188	4
ASV_201	173	13	1	9	68	141	24	106	327	82	144	8	2	2	179	61	19	13
ASV_84	132	21	14	31	47	84	32	56	145	91	214	22	19	11	91	9	75	148
ASV_389	56	29	43	79	80	68	65	59	175	40	36	41	126	92	31	249	67	155
ASV_127	230	372	97	438	389	363	243	267	402	215	367	118	324	297	614	791	863	1081
ASV_536	69	185	43	126	104	96	77	110	167	51	81	40	182	107	132	286	176	453
ASV_497	91	26	38	253	220	64	117	90	48	102	236	189	200	203	66	0	39	32
ASV_912	294	1	0	19	70	58	144	63	33	89	97	107	168	122	54	55	6	13
ASV_318	128	90	116	82	103	91	84	78	113	178	17	81	152	105	89	40	47	54
ASV_163	114	88	14	45	73	39	36	29	71	114	28	44	87	83	123	79	77	290
ASV_733	129	2	0	94	79	25	64	74	63	68	16	41	32	40	1128	73	55	1
ASV_144	318	226	237	209	345	189	318	109	247	228	559	257	480	272	174	123	105	65
ASV_661	95	26	38	67	224	72	164	48	82	259	85	227	321	240	69	29	23	11
ASV_244	378	117	76	78	547	253	421	220	260	402	424	489	700	747	107	62	85	40
ASV_415	310	2	2	194	188	61	124	74	58	200	326	82	230	153	169	28	72	1
ASV_18	638	531	722	753	543	413	726	292	486	679	355	273	323	459	1289	688	610	145
ASV_279	70	79	47	132	168	158	150	86	169	145	75	238	304	310	144	44	92	0
ASV_2	482	1117	839	670	766	197	988	343	155	366	575	524	571	1041	583	626	1367	1602
ASV_1138	143	16	1	104	109	37	79	54	50	77	190	89	133	208	91	229	107	20
ASV_380	178	42	1	39	20	13	18	12	5	11	256	46	39	73	139	178	145	216
ASV_651	133	0	5	0	142	58	136	52	82	99	253	140	262	291	231	0	6	0
ASV_772	86	0	13	54	365	60	184	152	45	118	325	192	195	283	236	12	72	0
ASV_336	88	13	44	177	345	159	172	174	143	262	204	129	216	216	114	237	184	1
ASV_161	90	63	43	20	351	222	102	138	260	135	161	184	208	120	57	58	39	49
ASV_625	97	111	130	54	95	50	120	72	114	116	57	41	71	61	69	41	22	156
ASV_407	94	53	31	20	118	96	95	92	181	87	56	199	224	205	84	22	2	14
ASV_242	190	83	10	33	178	126	149	110	131	95	204	188	297	194	117	67	56	67
ASV_6	35	325	471	239	13	24	37	15	27	26	31	33	34	44	33	106	125	119
ASV_34	279	685	1116	595	340	54	314	161	87	128	124	84	167	207	260	364	578	277
ASV_142	147	205	289	224	293	365	164	288	618	393	133	211	235	282	185	83	226	35
ASV_23	426	56	129	82	743	105	514	352	244	231	350	160	269	304	219	85	69	43
ASV_42	91	193	194	353	381	52	149	124	68	84	68	180	203	152	54	356	338	188
ASV_72	390	191	202	305	479	174	338	291	223	213	187	200	327	244	227	482	260	165
ASV_362	305	4	0	2	51	100	45	114	223	219	67	34	19	19	141	0	26	0
ASV_440	284	3	1	20	240	210	227	270	309	197	319	185	261	158	142	1	26	0
ASV_376	231	58	109	175	110	68	103	65	88	134	133	226	207	475	107	269	157	160
ASV_762	51	32	134	104	15	19	5	21	40	53	23	195	177	314	4	2	31	9
ASV_131	116	668	4841	1380	420	58	301	158	75	181	49	673	431	899	90	141	83	78
ASV_400	39	290	1704	549	88	33	91	46	38	67	64	5	44	58	16	141	321	335
ASV_253	42	185	602	590	387	58	458	230	93	215	71	272	364	386	24	632	602	810
ASV_117	82	191	145	67	197	158	52	178	30	149	92	44	172	422	1029	220	175	30
ASV_157	220	58	48	382	234	248	120	184	130	226	449	144	309	275	498	305	305	56
ASV_12	72	147	222	322	36	78	35	26	25	71	5	3	24	20	72	357	314	142
ASV_54	222	322	541	413	151	135	124	230	151	605	314	67	70	106	358	452	513	115
ASV_312	368	391	933	450	107	6	74	45	12	47	147	76	35	57	114	260	272	815
ASV_52	976	495	716	1088	441	424	254	479	746	835	140	464	393	532	350	766	1932	671
ASV_1048	54	42	92	239	34	11	55	40	94	70	22	0	5	16	24	189	176	52
ASV_345	69	75	58	103	13	44	35	35	31	31	0	1	8	48	272	90	277	174
ASV_173	95	70	48	46	147	122	149	163	338	204	82	141	213	206	269	58	50	35
ASV_182	39	41	35	55	68	96	43	56	157	172	21	97	98	86	42	24	47	44
ASV_133	393	71	86	111	152	148	170	187	268	164	344	149	182	320	439	77	70	128
ASV_41	512	590	489	627	417	482	346	576	1053	564	707	353	534	502	715	468	532	747
ASV_58	103	69	96	36	197	104	75	104	207	142	43	65	145	138	276	36	129	179
ASV_74	44	234	205	173	84	13	84	56	35	28	99	23	98	62	293	197	290	441
ASV_455	47	3	33	36	71	71	78	98	185	91	42	61	90	98	209	7	11	10
ASV_630	40	28	11	24	66	70	62	96	175	111	0	101	154	160	184	0	7	3
ASV_39	709	498	451	435	708	672	734	750	1413	799	578	729	878	885	1350	468	487	275
ASV_1116	68	99	107	64	69	72	34	56	81	67	62	99	110	150	54	0	1	0
ASV_62	718	174	167	319	510	408	482	511	520	812	914	456	780	846	518	241	357	161
ASV_113	385	13	33	140	267	235	167	217	360	254	452	195	364	406	407	285	196	66
ASV_79	668	324	208	337	790	374	492	497	610	668	929	559	914	974	374	428	484	259
ASV_298	221	149	66	290	116	53	86	73	90	86	247	115	290	159	344	624	503	278
ASV_153	215	124	134	148	233	182	120	116	171	198	361	173	209	215	136	439	174	416
ASV_822	33	0	1	111	57	62	22	49	78	44	14	22	26	20	186	374	51	86
ASV_338	129	150	244	99	154	106	75	123	253	229	113	110	89	229	52	39	63	179
ASV_143	347	23	45	139	252	167	156	138	271	228	658	257	366	331	390	97	196	11
ASV_310	82	98	160	131	64	75	68	79	174	130	76	60	52	77	106	189	198	149
ASV_25	482	349	595	710	615	379	442	422	615	634	556	472	673	676	673	463	531	407
ASV_1168	227	10	2	5	82	145	135	111	195	203	1	387	194	263	1	0	1	0
ASV_421	2	0	7	30	107	122	50	145	231	148	40	53	76	130	34	30	81	22
ASV_114	237	219	173	217	299	203	179	251	445	352	164	156	235	210	316	74	319	438
ASV_589	66	10	15	112	467	686	111	847	291	254	32	43	167	359	60	33	98	11
ASV_381	237	109	234	98	254	217	211	263	296	748	550	198	108	175	405	86	121	62
ASV_456	69	57	101	146	217	336	75	233	201	476	86	92	187	219	180	204	188	54
ASV_1378	1	181	480	443	8	33	21	16	25	32	21	10	1	0	7	20	13	2
ASV_375	100	41	33	131	152	531	85	621	414	110	188	51	114	59	75	98	151	14
ASV_191	259	157	144	316	275	482	132	600	476	270	121	108	144	103	518	238	344	138
ASV_596	13	113	158	171	37	40	66	67	108	77	32	39	20	36	7	78	46	39
ASV_174	48	65	192	158	63	68	49	37	87	130	63	152	67	37	28	164	250	98
ASV_657	21	225	176	120	34	62	33	52	94	107	85	26	8	19	20	174	33	16
ASV_283	32	104	144	166	220	151	107	216	201	196	56	48	39	70	55	59	52	11
ASV_804	42	64	177	265	60	26	68	67	32	49	42	105	132	167	41	99	96	63
ASV_921	6	66	86	74	55	160	29	235	81	144	48	85	47	101	0	50	122	4
ASV_99	182	50	74	145	213	231	178	264	343	366	240	317	304	268	315	290	118	50
ASV_40	363	363	505	409	627	656	419	765	1048	661	379	302	377	407	818	381	293	285
ASV_116	152	130	97	328	358	326	182	303	418	196	190	204	178	127	107	508	368	93
ASV_96	233	270	130	158	248	376	103	352	507	337	180	66	136	164	168	318	242	816
ASV_109	105	282	318	197	139	171	82	133	352	157	165	84	128	100	91	266	215	128
ASV_78	90	232	177	115	105	185	99	141	403	210	98	77	124	88	240	95	140	130
ASV_47	579	528	680	360	763	652	680	781	1308	970	646	655	1116	993	774	285	302	249
ASV_1292	1	10	44	12	109	267	65	400	532	559	0	8	51	70	0	2	0	1
ASV_346	227	163	117	99	126	65	122	65	129	156	116	116	111	128	47	115	98	136
ASV_141	112	110	150	150	261	175	193	232	387	273	100	231	307	293	284	268	133	103
ASV_970	58	0	2	0	141	138	100	226	357	161	78	109	190	115	15	0	1	0
ASV_503	67	55	1	182	61	5	49	33	16	33	6	4	4	18	50	230	245	559
ASV_230	205	35	6	147	140	43	156	86	50	115	74	129	83	124	51	182	262	99
ASV_199	158	88	35	70	98	42	109	75	103	80	49	51	81	53	108	102	126	195
ASV_148	410	242	128	443	212	27	173	88	58	84	87	69	19	92	73	576	643	1783
ASV_3	444	1064	1653	1350	163	131	142	238	109	126	277	119	92	140	521	1006	1046	1113
ASV_46	439	231	167	482	822	151	429	326	280	365	221	149	157	281	566	667	651	652
ASV_185	368	188	18	624	49	13	120	42	8	37	44	27	25	31	97	773	945	827
ASV_35	973	305	181	827	981	222	1229	607	394	563	236	379	305	686	229	1091	1163	827
ASV_276	409	102	6	493	452	69	485	248	123	280	71	24	36	73	63	613	661	768
ASV_10	1045	487	1110	956	450	335	353	366	378	589	2763	2679	684	549	3766	2184	714	1164
ASV_301	50	28	49	69	227	40	199	209	141	159	2	76	83	106	37	8	79	25
ASV_424	53	3	16	6	303	48	284	274	146	191	44	117	100	153	42	31	9	43
ASV_359	119	110	257	487	42	42	14	55	12	19	73	36	26	70	31	494	467	137
ASV_53	304	787	1974	2612	158	130	117	141	245	313	151	124	139	144	71	1261	1306	622
ASV_1938	7	0	14	6	0	0	1	3	0	0	1396	0	1	5	0	0	29	0
ASV_386	395	341	184	445	56	12	306	35	21	128	118	6	10	24	22	839	720	259
ASV_757	18	5	18	56	344	646	121	842	258	108	58	24	129	232	3	8	10	19
ASV_246	62	50	164	112	61	23	55	99	16	34	40	165	62	98	9	49	65	1
ASV_217	124	83	21	317	26	10	19	16	5	17	85	2	19	11	1	424	628	192
ASV_268	152	48	115	841	80	7	16	2	3	9	51	2	0	3	90	2582	984	52
ASV_964	49	35	159	44	113	102	184	76	133	90	294	56	17	45	0	1	24	0
ASV_526	121	53	30	94	90	29	37	40	66	75	46	6	20	19	190	181	143	174
ASV_558	79	74	9	36	46	56	74	70	117	113	59	41	122	95	122	148	62	142
ASV_322	42	46	68	57	71	79	57	144	180	166	18	150	133	209	16	18	10	0
ASV_707	113	40	48	61	195	81	210	196	140	254	193	193	272	350	199	47	33	0
ASV_542	72	165	300	339	102	108	100	81	91	96	90	12	31	50	0	185	240	129
ASV_1584	43	15	7	48	81	68	50	71	93	114	35	187	182	160	98	2	3	15
ASV_1341	135	14	14	36	100	122	110	51	183	151	90	122	98	130	77	4	0	15
ASV_1192	145	17	2	12	88	41	56	71	68	82	140	40	84	97	309	62	7	73
ASV_972	192	20	5	43	86	30	78	86	47	73	95	13	54	84	202	58	34	118
ASV_73	291	165	95	86	171	61	127	95	102	167	332	44	85	87	202	65	268	735
ASV_205	541	72	0	86	279	72	151	114	118	174	361	44	87	115	367	35	141	222
ASV_30	676	283	449	205	640	507	696	743	1116	771	691	439	749	774	515	139	468	478
ASV_417	105	115	78	221	143	70	143	135	157	132	139	81	90	139	183	288	381	523
ASV_305	85	30	58	203	163	96	210	155	235	214	103	181	383	334	139	136	215	42
ASV_398	182	75	40	44	248	52	216	137	106	202	249	116	216	154	128	0	102	144
ASV_247	122	83	87	80	287	127	210	168	154	278	65	119	170	192	74	50	136	363
ASV_139	21	220	150	91	46	34	29	33	75	97	28	22	22	60	35	161	168	92
ASV_159	327	29	35	55	101	31	93	90	46	49	137	33	21	40	320	65	142	261
ASV_476	175	58	54	59	149	74	105	112	155	162	207	136	179	172	207	106	38	95
ASV_49	180	182	201	460	681	198	603	291	366	331	135	222	101	181	99	468	685	425
ASV_66	2286	1622	2810	3967	581	73	641	321	130	486	444	415	270	465	411	867	2447	569
ASV_763	273	190	277	531	69	22	91	47	23	76	17	65	42	62	24	58	383	52
ASV_273	106	105	79	299	264	108	213	87	81	124	83	47	36	59	68	620	539	1219
ASV_547	48	65	53	18	36	10	18	27	23	15	188	244	62	45	171	228	30	107
ASV_507	64	48	87	45	31	18	17	17	22	30	158	227	26	45	193	187	82	99
ASV_1100	3	41	172	37	102	3	92	60	16	64	9	205	219	312	63	96	17	0
ASV_555	24	74	14	65	10	6	2	11	24	15	61	38	18	49	514	81	146	729
ASV_342	346	20	1	79	350	95	183	106	215	392	719	271	201	247	133	11	21	40
ASV_416	312	4	0	314	250	206	94	90	176	368	364	190	203	205	345	68	119	0
ASV_1197	158	50	0	55	88	30	118	24	45	30	125	38	7	30	309	146	61	0
ASV_326	57	112	36	205	44	24	31	20	11	27	73	16	0	34	224	155	405	212
ASV_364	149	140	61	169	44	8	51	27	24	39	83	1	22	21	318	286	501	398
ASV_119	60	27	28	56	42	22	28	20	16	39	425	37	147	108	246	63	56	67
ASV_61	233	460	495	320	191	184	217	190	272	195	190	193	350	248	609	405	480	492
ASV_107	136	216	225	303	149	122	159	118	160	133	73	146	237	148	366	297	355	304
ASV_423	33	111	160	115	35	27	29	41	53	28	69	20	77	43	64	228	284	205
ASV_132	98	237	5	228	116	60	119	52	77	67	161	75	63	57	414	533	715	679
ASV_413	90	77	39	85	91	45	71	53	67	66	26	46	38	34	218	108	211	119
ASV_963	74	58	43	89	35	16	3	25	33	29	18	15	24	17	4	324	302	164
ASV_572	66	53	11	69	79	46	81	69	99	80	133	126	103	103	279	118	129	194
ASV_240	88	124	92	148	81	24	99	52	20	42	69	33	79	51	83	281	168	142
ASV_210	109	207	113	178	126	76	118	81	73	92	52	30	104	110	135	171	192	127
ASV_680	65	17	37	115	56	67	69	66	97	64	75	74	173	86	73	81	53	29
ASV_840	44	2	32	22	533	707	107	696	241	558	64	37	41	19	15	20	9	0
ASV_1512	80	15	7	19	156	223	82	120	187	137	99	46	79	66	23	7	35	100
ASV_196	125	61	95	358	669	1192	300	690	687	1064	716	335	294	285	92	989	572	167
ASV_1417	9	20	11	9	498	317	10	402	202	147	0	46	131	58	4	0	0	0
ASV_442	5	55	114	47	192	1456	129	900	479	791	451	128	172	121	2	22	18	2
ASV_1339	0	0	0	0	642	791	11	259	251	168	1	1	0	10	1	0	7	0
ASV_122	390	50	153	211	362	171	382	229	275	393	331	401	504	536	995	384	145	46
ASV_905	136	84	132	43	37	38	100	28	49	49	234	79	96	89	96	17	25	21
ASV_373	224	48	11	176	100	26	50	26	35	36	167	25	29	32	54	160	101	180
ASV_646	97	71	3	72	19	55	26	26	20	53	51	28	63	71	108	245	191	159
ASV_655	43	65	126	46	57	57	79	51	69	92	122	70	65	99	58	41	53	135
ASV_1222	44	3	26	28	128	174	64	141	124	86	229	54	50	36	20	57	38	6
ASV_258	126	34	20	37	190	71	208	65	76	96	432	192	531	255	155	84	53	77
ASV_286	140	71	71	79	116	92	114	74	157	151	155	149	254	223	369	88	107	170
ASV_723	128	37	31	95	103	75	85	61	108	92	77	213	182	153	149	96	54	77
ASV_614	108	2	1	50	99	37	65	15	29	112	267	116	367	99	115	27	2	24
ASV_339	238	23	14	93	169	116	124	93	112	170	216	111	86	128	76	2	29	18
ASV_193	67	67	31	109	95	61	80	74	108	93	89	83	89	100	234	42	114	41
ASV_812	324	68	72	26	63	139	38	120	143	185	815	31	79	90	179	0	14	5
ASV_130	223	128	107	70	290	344	273	48	521	354	1346	520	789	545	193	50	43	22
ASV_219	230	100	29	403	315	272	255	101	305	258	388	180	218	263	229	486	470	494
ASV_224	35	158	234	130	51	111	61	68	87	46	429	96	190	124	47	44	46	72
ASV_87	283	184	44	43	139	121	89	88	140	94	248	129	182	133	390	134	162	249
ASV_329	157	46	0	7	84	60	57	59	56	27	384	133	139	142	143	16	16	26
ASV_294	181	63	61	37	110	199	79	59	210	222	140	129	220	229	368	10	95	13
ASV_218	91	182	379	140	129	202	79	57	271	205	43	92	193	168	86	87	68	35
ASV_155	162	283	271	234	151	187	131	60	209	262	36	131	150	231	465	402	300	182
ASV_229	470	48	50	70	252	264	162	66	328	342	438	198	399	581	353	12	89	26
ASV_565	199	14	13	59	99	61	88	21	126	107	81	68	63	102	244	46	76	36
ASV_866	0	458	829	251	0	0	4	1	3	3	1	0	0	2	18	0	43	54
ASV_70	294	499	959	316	325	323	264	121	493	567	640	451	379	325	151	163	204	36
ASV_65	149	420	614	282	208	210	234	80	321	403	148	265	367	319	309	167	206	148
ASV_208	18	146	187	170	56	54	48	22	56	159	47	68	99	41	129	121	110	42
ASV_462	110	27	111	140	118	68	66	55	105	96	104	36	116	62	71	331	194	274
ASV_149	215	435	603	177	349	63	425	36	63	137	220	561	851	814	352	172	70	44
ASV_1519	4	4	8	103	54	89	62	13	139	93	29	80	68	89	81	179	46	23
ASV_473	31	19	12	45	81	68	117	57	75	93	11	280	348	321	137	75	34	1
ASV_714	14	90	246	56	84	28	109	3	56	81	93	189	147	212	27	20	12	0
ASV_1195	2	158	345	105	72	54	55	4	28	46	90	128	130	117	41	30	32	0
ASV_232	211	41	44	13	131	146	135	26	198	214	193	255	351	299	304	79	27	6
ASV_266	10	64	99	55	70	100	78	9	116	116	32	91	259	134	96	62	47	21
ASV_265	201	224	279	350	171	214	189	30	343	162	725	156	394	211	436	435	425	101
ASV_9	809	1019	1317	332	544	327	627	108	502	420	852	595	1254	766	706	321	193	127
ASV_94	110	149	254	92	172	156	77	75	120	112	476	126	204	198	128	87	99	77
ASV_433	129	43	27	79	96	138	53	96	236	185	109	218	282	129	82	52	134	138
ASV_819	244	39	3	30	86	38	89	64	23	94	122	28	98	72	116	84	38	26
ASV_249	140	118	152	120	70	89	56	29	121	77	66	40	98	120	175	63	157	26
ASV_111	236	243	471	501	179	138	115	262	222	273	158	124	84	109	530	590	416	143
ASV_299	57	427	701	263	121	122	167	187	188	151	170	83	143	97	158	102	56	57
ASV_180	229	292	351	328	157	78	159	138	209	153	75	68	59	88	69	178	364	114
ASV_51	191	858	766	897	315	111	311	203	147	184	287	197	163	167	170	691	514	98
ASV_67	262	120	106	858	205	186	124	306	323	386	92	69	129	39	171	1352	621	73
ASV_60	181	95	207	1043	668	128	509	255	176	338	156	209	201	148	89	1534	1401	130
ASV_1228	9	39	77	111	345	27	168	90	89	124	5	28	21	9	0	177	116	27
ASV_409	39	231	215	98	43	52	88	99	85	83	36	72	128	92	67	27	33	21
ASV_363	57	107	111	131	85	63	92	76	100	73	135	77	126	80	242	151	51	11
ASV_445	160	7	0	172	235	50	166	93	52	111	144	22	37	42	127	54	28	36
ASV_82	608	208	394	392	584	447	463	372	459	633	672	483	633	543	721	202	434	210
ASV_7	1924	999	828	1349	1265	897	969	922	1408	1586	1582	635	758	936	1729	1220	1562	1674
ASV_48	54	201	407	240	59	62	22	60	72	111	66	38	55	54	96	180	446	499
ASV_20	635	715	641	634	466	203	467	310	423	457	957	700	868	808	989	457	869	683
ASV_138	264	310	267	229	106	118	140	97	212	183	126	200	223	186	255	378	258	185
ASV_36	482	270	421	321	441	518	344	343	662	564	384	372	350	429	578	567	459	291
ASV_390	71	131	149	94	72	153	60	201	137	168	251	43	78	79	19	60	39	6
ASV_17	379	858	1443	748	304	173	248	162	298	296	255	232	244	268	510	616	745	484
ASV_77	133	469	629	350	143	107	74	101	172	142	85	77	72	63	189	277	388	231
ASV_1709	0	13	18	9	566	57	209	103	102	227	47	0	1	5	0	5	26	1
ASV_489	69	70	35	207	360	56	132	59	28	109	27	32	91	26	63	233	157	67
ASV_55	347	280	294	603	547	342	442	383	341	404	524	347	438	497	418	750	560	288
ASV_358	58	71	106	179	84	60	68	78	91	99	113	17	97	74	520	173	127	72
ASV_682	34	57	56	31	89	54	58	36	67	41	73	165	319	141	100	0	23	51
ASV_178	280	59	68	38	260	152	264	162	152	288	160	307	549	533	260	19	59	20
ASV_735	93	15	66	30	146	76	114	39	47	74	324	256	355	251	54	40	23	0
ASV_290	758	8	17	67	413	121	374	159	86	298	538	409	572	460	301	22	22	2
ASV_495	95	19	58	97	141	38	102	58	71	61	76	87	169	185	221	81	78	13
ASV_883	89	7	6	17	109	63	101	0	62	157	103	69	153	147	84	51	9	14
ASV_332	175	26	30	52	188	88	171	108	89	172	161	180	299	321	259	55	55	7
ASV_31	465	331	463	401	471	277	485	220	347	453	347	380	455	376	912	324	279	215
ASV_32	323	439	383	370	525	196	231	225	319	314	276	152	155	284	628	347	434	1079
ASV_81	288	242	340	322	506	280	457	271	262	444	265	392	409	540	515	334	259	143
ASV_245	157	264	321	176	143	85	122	53	70	81	85	94	107	146	117	86	62	82
ASV_425	155	15	38	50	131	87	126	69	128	173	163	235	200	267	149	67	40	16
ASV_207	103	42	100	92	239	129	143	156	165	245	182	200	170	280	103	38	47	71
ASV_50	742	574	783	366	739	518	518	426	783	792	636	641	783	882	785	59	105	85
ASV_347	162	94	318	87	140	34	119	64	50	68	275	139	179	156	184	89	94	71
ASV_493	238	35	30	106	153	51	141	61	73	148	157	42	48	105	379	97	166	220
ASV_377	129	41	47	65	103	107	74	101	126	110	43	48	112	75	152	78	95	79
ASV_420	68	101	129	73	81	82	93	70	120	122	121	150	143	151	78	0	37	3
ASV_135	270	91	180	186	301	169	214	161	215	305	289	253	455	564	269	109	113	188
ASV_28	785	364	503	401	740	518	526	422	628	1015	754	599	975	1091	1219	297	400	186
ASV_239	248	99	87	102	290	182	182	80	153	232	204	189	128	217	231	94	226	350
ASV_404	71	55	54	77	112	172	73	98	250	213	54	48	117	190	422	63	54	155
ASV_45	90	333	543	307	118	265	134	175	262	254	29	62	80	93	173	160	209	510
ASV_83	83	187	357	181	108	226	144	174	302	271	58	144	99	88	184	49	102	574
ASV_334	260	139	141	88	217	154	178	151	217	298	165	263	234	246	160	13	47	53
ASV_1038	107	65	51	24	77	51	81	67	78	92	26	132	117	131	98	0	23	31
ASV_304	147	56	102	145	163	182	129	153	231	258	179	166	187	232	509	112	254	247
ASV_104	205	120	60	147	112	51	59	61	58	44	196	58	40	109	237	143	195	266
ASV_106	103	121	44	143	107	65	75	82	98	95	118	83	106	85	94	215	300	220
ASV_194	109	169	231	188	184	139	184	140	184	228	188	146	262	203	456	40	139	106
ASV_1216	72	62	45	53	75	23	61	47	63	44	59	104	71	53	147	27	93	133
ASV_562	77	17	79	41	87	91	84	46	92	101	74	39	153	167	97	0	13	4
ASV_189	231	116	275	119	247	215	240	197	293	383	272	280	288	381	329	85	100	187
ASV_855	86	28	77	27	54	51	116	84	65	82	98	51	70	96	109	36	36	34
ASV_323	116	49	91	59	93	103	115	89	145	160	284	82	244	199	87	23	45	31
ASV_284	43	258	685	49	49	34	53	26	95	72	27	87	39	122	116	2	1	9
ASV_653	65	83	45	23	99	58	112	87	78	60	57	190	183	107	107	27	33	5
ASV_69	364	367	451	451	389	178	317	228	221	392	200	275	315	313	618	295	297	365
ASV_716	4	251	611	416	87	21	61	31	30	23	0	35	26	46	3	13	37	20
ASV_678	14	108	377	357	89	30	70	44	35	45	4	55	12	72	3	0	63	8
ASV_71	115	369	990	478	523	68	455	195	119	378	96	115	50	105	104	199	168	29
ASV_57	205	431	605	447	253	173	321	295	294	310	54	142	216	283	276	218	179	48
ASV_38	299	376	445	370	487	285	593	379	403	538	301	503	321	502	532	102	212	270
ASV_472	108	84	102	96	87	51	68	40	59	64	62	23	27	45	152	76	80	183
ASV_293	48	130	443	98	52	24	35	55	75	58	27	81	89	53	76	17	20	12
ASV_33	467	615	893	499	827	462	712	434	644	995	568	451	450	738	869	214	307	259
ASV_808	178	65	51	83	133	36	140	50	32	54	156	10	79	191	134	24	37	49
ASV_297	86	59	29	81	57	43	34	35	30	88	175	30	72	89	119	141	75	65
ASV_643	100	57	28	100	103	86	99	126	79	92	123	52	82	84	119	67	63	153
ASV_494	68	26	14	35	95	73	84	52	66	78	222	59	132	85	92	90	73	37
ASV_145	165	60	85	155	152	64	160	106	106	98	169	29	52	108	175	147	140	203
ASV_64	209	510	666	371	286	267	385	439	446	455	508	255	284	419	251	375	374	227
ASV_477	83	77	5	59	93	31	82	43	48	81	145	48	71	163	63	73	27	80
ASV_397	60	129	1	135	20	12	48	14	13	17	45	13	31	30	276	277	272	278
ASV_418	0	245	528	153	15	20	21	16	26	29	0	48	39	13	19	0	15	23
ASV_300	280	25	1	158	168	60	171	96	69	167	317	81	153	174	247	95	58	85
ASV_460	112	58	94	132	21	45	50	45	44	51	376	30	66	53	272	111	174	111
ASV_158	134	111	48	158	85	54	66	60	68	56	84	80	42	77	118	116	219	111
ASV_399	37	56	87	82	77	72	103	93	56	106	112	66	124	79	148	47	159	70
ASV_568	66	26	89	44	82	81	81	63	100	99	71	70	115	162	197	48	35	38
ASV_599	42	62	41	44	119	140	70	110	148	194	60	96	150	207	138	60	57	5
ASV_368	75	85	93	31	40	43	49	41	76	52	70	111	157	196	179	61	45	46
ASV_1051	128	16	1	62	57	52	101	57	58	78	140	37	81	58	175	70	80	19
ASV_521	79	17	13	43	75	28	78	73	54	103	47	178	394	294	215	29	19	6
ASV_370	275	94	134	43	231	296	218	259	355	407	143	258	375	317	133	23	8	25
ASV_75	584	340	370	319	653	336	611	447	470	478	470	741	1258	882	496	119	131	83
ASV_277	177	99	170	62	136	63	183	91	103	94	317	353	342	283	280	43	72	46
ASV_878	136	12	34	7	150	26	76	41	17	60	128	169	204	232	176	17	10	15
ASV_76	161	70	123	146	204	54	232	86	48	128	151	128	181	229	283	250	159	114
ASV_228	228	15	2	156	362	221	221	163	173	289	431	276	454	408	145	161	134	36
ASV_1337	209	6	0	68	70	38	63	31	15	44	335	72	61	108	88	0	5	37
ASV_302	158	98	46	114	109	63	89	49	71	100	218	82	132	100	240	132	120	110
ASV_125	13	165	189	122	102	63	110	53	94	90	24	125	211	111	42	49	49	38
ASV_68	129	372	608	396	234	285	271	231	321	378	296	327	428	422	515	360	244	256
ASV_1207	35	0	20	17	154	70	42	35	44	290	141	170	243	223	34	0	11	3
ASV_11	2090	724	607	1001	1339	847	1372	1068	1258	1312	2627	1860	2789	2647	2790	1197	804	259
ASV_1305	63	89	4	55	55	15	45	20	14	28	66	41	76	61	141	167	243	254
ASV_327	36	43	75	55	43	6	41	35	26	33	87	62	176	125	104	46	78	232
ASV_428	185	10	56	18	69	39	62	40	40	47	243	117	139	178	319	17	31	87
ASV_4	31	268	119	464	23	21	28	39	19	16	14	35	12	20	17	765	922	33
ASV_213	490	27	51	116	1140	213	771	546	484	940	426	288	897	1043	322	58	146	8
ASV_1032	0	0	0	0	262	128	389	305	346	255	0	36	55	35	0	0	0	0
ASV_522	50	155	148	78	46	44	10	88	115	31	2	22	27	75	10	171	109	2
ASV_729	16	184	312	108	44	22	37	46	44	62	193	40	55	73	26	37	96	102
ASV_540	26	23	0	101	72	87	50	74	90	103	83	10	79	97	26	132	126	183
ASV_846	103	7	0	100	141	136	84	63	134	176	52	55	40	40	661	122	68	2
ASV_414	10	43	19	70	36	102	13	63	114	189	35	73	138	95	14	26	103	35
ASV_504	19	333	481	170	63	76	34	88	186	57	101	45	67	87	243	0	47	7
ASV_1841	187	0	0	0	170	84	62	105	105	175	46	79	59	91	0	0	0	0
ASV_498	0	297	256	175	53	42	58	111	93	72	192	0	25	38	6	24	120	0
ASV_103	368	28	37	81	471	470	305	571	1039	973	127	439	847	755	397	38	153	5
ASV_474	49	114	72	105	142	71	43	109	165	80	171	53	88	42	34	43	21	18
ASV_95	114	111	114	301	161	277	77	314	630	298	227	78	76	78	298	334	506	216
ASV_466	12	245	336	146	13	15	25	12	27	2	21	15	38	64	67	85	76	117
ASV_587	74	201	207	39	67	66	111	39	113	81	72	124	172	142	24	38	22	12
ASV_123	147	183	386	223	227	151	243	188	311	319	277	191	274	242	19	58	121	37
ASV_1300	99	0	1	5	95	65	106	51	65	117	219	73	178	108	49	12	44	0
ASV_192	72	420	157	115	141	104	238	99	212	99	89	182	223	92	71	142	136	77
ASV_211	910	0	1	34	103	46	92	52	74	176	66	59	139	86	203	14	67	27
ASV_220	63	203	90	99	103	75	133	235	45	125	58	39	130	85	258	33	47	0
ASV_447	51	50	126	35	58	47	36	87	91	177	14	27	16	75	242	60	95	0
ASV_165	105	386	708	355	249	256	192	280	361	212	64	81	175	139	36	80	171	32
ASV_624	206	35	31	56	133	90	87	69	134	122	95	17	81	108	93	30	64	95
ASV_292	93	46	49	56	203	385	154	481	537	291	274	167	201	170	42	1	14	3
ASV_291	10	162	101	61	126	163	76	66	315	107	196	59	71	94	51	6	5	4
ASV_169	334	10	0	14	356	173	177	157	160	157	200	40	227	194	67	0	47	1
ASV_1	3019	5216	2084	5226	2478	1331	1872	1957	1949	1910	2280	785	1238	1934	4187	5025	14003	18825
ASV_564	133	36	37	43	95	80	76	58	177	187	43	125	56	120	107	16	12	11
ASV_152	308	28	43	106	400	456	341	800	830	936	277	204	573	539	144	130	127	72
ASV_272	547	58	15	26	330	147	179	295	231	327	380	108	81	211	205	0	35	0
ASV_387	198	9	46	111	474	316	344	305	570	304	497	357	205	232	156	30	11	24
ASV_608	146	25	18	16	264	137	153	128	369	96	375	182	205	167	106	34	31	53
ASV_1603	112	0	0	676	69	5	52	40	15	8	20	29	137	82	24	14	10	8
ASV_282	106	6	30	101	186	67	145	60	77	175	214	69	237	238	90	92	145	18
ASV_188	44	483	773	118	6	14	0	4	9	28	1	0	6	1	294	74	95	117
ASV_459	63	46	135	51	99	169	97	3	273	168	94	252	260	340	59	2	9	3
ASV_573	336	57	85	22	119	22	13	0	14	41	483	82	128	93	36	2	0	0
ASV_524	12	193	309	120	17	32	7	30	28	16	30	28	0	20	187	55	34	96
ASV_128	114	100	7	119	74	29	44	37	17	14	27	17	27	46	27	82	450	409
ASV_101	822	214	101	47	266	213	574	389	124	127	451	42	79	111	805	98	296	678
ASV_384	352	5	3	48	185	75	185	158	56	66	207	36	60	119	643	102	72	83
ASV_619	133	34	28	54	73	193	111	132	383	268	130	76	154	140	83	93	76	25
ASV_16	497	43	64	208	460	513	648	515	658	786	414	179	583	409	1007	283	387	68
ASV_488	132	139	161	72	97	71	106	132	122	123	69	34	249	167	276	110	48	0
ASV_309	55	1	0	0	117	175	90	153	205	227	181	0	3	2	56	1	1	0
ASV_1402	141	9	15	28	114	54	117	103	108	72	102	56	76	93	148	66	90	5
ASV_1018	29	2	0	59	49	151	68	141	183	154	38	11	79	63	106	92	119	0
ASV_1128	62	46	36	0	85	137	59	47	113	64	29	63	229	244	26	2	23	0
ASV_248	124	98	115	91	72	77	164	96	116	110	333	36	116	74	311	66	51	85
ASV_29	857	1107	816	1126	605	285	792	535	388	481	909	395	476	496	1110	1412	2564	2212
ASV_19	626	251	55	335	427	216	362	347	257	307	340	54	186	128	493	470	784	678
ASV_59	343	139	28	211	217	103	143	154	88	116	234	35	53	102	357	282	486	352
ASV_280	108	38	49	173	99	70	134	100	52	68	86	40	45	76	179	214	185	116
ASV_206	316	114	123	39	273	266	344	283	277	345	369	281	456	445	320	55	72	32
ASV_356	137	57	44	59	69	86	93	93	67	63	102	55	87	91	77	115	106	154
ASV_15	624	249	231	373	363	522	383	452	683	523	537	143	256	394	390	295	637	559
ASV_171	139	39	73	80	178	159	173	214	198	170	139	80	128	148	350	185	111	142
ASV_156	407	66	36	105	261	270	328	293	331	340	353	156	351	255	284	188	361	84
ASV_348	455	66	16	161	306	312	280	286	410	381	535	129	230	314	216	226	382	155
ASV_372	127	41	37	53	93	97	109	61	97	84	89	42	58	62	157	35	70	149
ASV_27	313	278	106	137	101	120	188	124	121	80	281	67	110	181	168	93	324	476
ASV_341	117	67	33	43	51	85	68	70	107	57	189	62	84	95	71	67	165	132
ASV_366	38	33	42	55	68	82	77	77	103	123	97	32	45	61	90	41	90	54
ASV_388	87	100	141	94	49	44	56	32	63	41	134	29	45	79	127	91	59	97
ASV_204	140	133	18	207	93	40	49	67	53	82	108	52	86	35	130	304	554	599
ASV_350	190	4	5	141	172	80	163	99	89	151	331	87	199	233	201	106	47	36
ASV_186	67	41	69	34	121	118	183	116	176	199	28	114	159	109	106	44	57	36
ASV_308	72	22	22	14	75	142	63	109	140	139	128	74	68	56	103	70	66	67
ASV_252	214	13	43	140	92	89	119	74	183	115	182	81	124	108	146	197	192	52
ASV_1054	91	40	44	53	121	44	136	68	61	113	161	89	198	271	150	24	31	4
ASV_942	81	89	68	42	35	54	55	51	46	82	118	57	202	156	98	64	39	82
ASV_617	50	29	75	45	163	45	185	62	34	86	163	159	410	193	106	52	32	0
ASV_1180	18	0	0	1	99	348	1	172	401	378	228	3	0	25	273	0	0	1
ASV_650	60	33	81	111	28	29	43	49	41	78	68	16	99	113	190	44	103	72
ASV_164	212	50	109	109	219	62	236	139	125	144	105	68	253	239	379	89	158	113
ASV_790	32	178	5	63	26	34	33	44	12	13	54	0	33	31	102	258	319	224
ASV_262	174	29	69	69	212	154	233	167	144	218	148	87	151	181	105	158	102	198
ASV_670	107	79	113	86	124	47	112	59	81	86	95	33	67	82	100	18	116	10
ASV_140	95	54	26	72	48	49	48	56	29	52	110	13	70	74	190	61	168	62
ASV_214	0	862	1980	481	13	1	14	19	0	7	30	62	1	15	24	11	115	23
ASV_1025	120	25	16	69	131	94	143	84	58	132	11	57	109	98	70	64	54	7
ASV_314	30	138	311	146	101	82	59	71	83	125	226	20	79	97	61	0	29	65
ASV_471	134	76	50	99	83	40	188	84	64	87	183	62	108	137	151	20	30	29
ASV_151	76	62	91	154	48	77	74	119	130	69	69	33	133	89	135	18	116	103
ASV_179	138	169	221	151	181	369	350	268	426	345	213	140	347	366	269	81	135	4
ASV_26	217	135	1	86	91	36	35	47	29	45	43	7	14	43	177	47	210	275
ASV_134	293	365	343	676	189	117	181	144	98	157	153	25	34	99	518	655	1144	736
ASV_775	145	0	0	1	217	124	199	125	183	176	147	73	89	87	31	0	8	0
ASV_721	275	39	56	84	116	7	101	51	22	99	173	17	22	120	99	106	169	137
ASV_1068	57	46	49	59	28	77	84	36	42	52	164	36	178	78	104	59	48	23
ASV_731	3	12	0	69	83	164	28	77	135	72	84	88	197	139	129	77	19	0
ASV_235	86	79	65	57	180	108	197	96	101	148	87	168	540	295	117	0	39	5
ASV_1102	30	1	0	31	47	123	40	73	120	133	17	40	129	72	377	43	17	2
ASV_580	94	51	33	78	79	84	141	102	106	85	137	51	149	108	74	83	76	48
ASV_576	25	27	34	22	96	102	200	106	187	115	59	68	219	215	350	75	49	31
ASV_609	37	73	102	105	67	67	91	75	77	67	39	58	279	152	105	4	107	29
ASV_468	68	48	95	29	95	115	114	72	83	83	72	101	124	108	97	35	47	9
ASV_930	133	60	49	27	54	36	54	51	73	40	130	100	262	201	262	64	34	1
ASV_1295	7	6	0	10	120	194	36	239	80	179	388	4	49	39	3	0	8	37
ASV_1722	9	617	399	134	0	6	1	5	0	7	15	0	0	7	10	43	22	0
ASV_799	115	1	11	6	83	48	65	57	79	78	17	260	91	174	142	4	5	5
ASV_725	591	0	0	364	187	9	119	43	13	112	201	0	0	3	635	644	282	1
ASV_451	966	1	1	1	309	41	290	83	94	196	723	66	78	98	447	0	4	0
ASV_278	118	79	39	197	110	25	63	47	26	56	0	16	14	24	1124	589	553	73
ASV_1835	446	0	0	0	42	4	40	5	16	52	533	0	1	3	217	0	6	0
ASV_815	63	24	2	4	117	87	95	78	131	111	45	184	212	141	16	16	23	5
ASV_200	39	45	82	161	178	57	687	147	64	159	9	144	336	297	64	144	49	13
ASV_693	87	35	46	36	72	72	60	74	88	74	40	18	21	45	164	112	105	123
ASV_546	120	16	53	57	111	94	137	111	103	96	212	93	110	129	57	59	80	2
ASV_263	103	51	188	68	173	158	263	161	193	207	144	112	259	224	137	12	39	0
ASV_556	80	88	80	141	64	84	67	93	90	112	349	37	109	81	187	130	133	65
ASV_1111	138	0	11	58	229	63	271	135	152	84	319	19	34	46	149	106	52	3
ASV_92	302	113	170	238	406	346	420	358	359	282	925	435	689	571	586	141	139	14
ASV_170	336	76	26	116	103	121	117	124	106	75	265	72	192	90	518	221	185	117
ASV_316	228	50	69	59	214	259	245	258	320	288	266	185	401	278	274	110	63	45
ASV_843	0	18	1	185	70	101	43	46	118	72	0	49	68	75	95	265	141	0
ASV_1245	27	36	1	84	82	71	29	40	80	69	30	26	34	22	145	214	200	173
ASV_663	167	23	23	73	100	63	137	79	115	72	262	68	100	105	373	120	105	98
ASV_367	208	32	3	112	138	130	144	122	109	97	296	124	248	155	325	87	180	192
ASV_683	132	61	41	70	65	66	153	69	77	101	151	42	63	68	279	132	104	89
ASV_965	114	18	24	15	97	56	112	56	50	70	175	68	133	118	79	34	12	5
ASV_44	675	284	581	419	493	413	596	451	643	497	720	443	785	693	547	386	250	192
ASV_454	21	207	288	113	31	26	117	37	22	29	106	17	50	55	74	68	42	7
ASV_903	96	22	52	7	84	48	179	46	56	58	227	54	92	84	8	47	30	12
ASV_313	46	17	17	25	136	160	143	205	240	114	111	230	338	237	57	70	45	0
ASV_88	616	233	239	290	513	441	677	501	516	440	986	324	805	671	455	347	319	50
ASV_324	90	45	150	63	170	206	221	183	211	219	87	135	422	256	231	44	88	8
ASV_814	87	116	109	65	55	25	97	42	32	36	259	71	123	79	72	10	31	0
